     0/499     1.52G    0.0596   0.01529         0   0.07489         5       640  0.007875   0.01274   0.00382 0.0009659   0.06999   0.01286         0
     1/499     4.93G   0.05954    0.0112         0   0.07074        13       640   0.02311    0.1614   0.00724  0.001174    0.0682   0.01057         0
     2/499     4.81G   0.05777   0.00967         0   0.06744         9       640    0.0545   0.08493   0.01153  0.001979   0.06766  0.009731         0
     3/499     4.81G   0.05866  0.009106         0   0.06777         7       640    0.0515    0.1062   0.01678  0.003036   0.06519  0.009769         0
     4/499     5.68G   0.05787  0.009187         0   0.06706         8       640   0.01985   0.03822  0.003774 0.0007107   0.06583  0.009483         0
     5/499     5.68G   0.05557  0.008957         0   0.06452        11       640   0.08008    0.1125   0.03525  0.006099   0.06639  0.009608         0
     6/499     5.68G   0.05418  0.008976         0   0.06316        12       640    0.1324   0.05308   0.02359  0.003329   0.06702  0.009614         0
     7/499     5.68G   0.05261  0.008966         0   0.06158        14       640   0.06109    0.2399   0.03602  0.005431   0.06617  0.009608         0
     8/499     5.68G    0.0515  0.008942         0   0.06045         9       640   0.06434    0.2144   0.03338  0.005791   0.06337   0.01027         0
     9/499     5.68G   0.05331  0.009159         0   0.06247        12       640   0.07097    0.2909   0.05018  0.008443   0.06396   0.01007         0
    10/499     5.68G   0.05415  0.009272         0   0.06342         6       640   0.02448    0.1189   0.01154  0.001492   0.06432  0.009945         0
    11/499     5.68G   0.05199  0.008976         0   0.06096         7       640   0.06038   0.08493   0.02179  0.003768   0.07184   0.00911         0
    12/499     5.68G   0.05352  0.008519         0   0.06204        12       640   0.05713    0.0913   0.02238  0.003222   0.07199  0.008648         0
    13/499     5.68G   0.05223  0.008252         0   0.06048        11       640  0.008094    0.1656  0.005489 0.0007759    0.0726   0.01499         0
    14/499     5.68G   0.05366  0.008493         0   0.06216         7       640   0.02725    0.1401   0.01272  0.001858   0.06814  0.008849         0
    15/499     5.68G    0.0525  0.008394         0   0.06089         9       640   0.03718    0.1253   0.01574  0.002283   0.06789  0.009027         0
    16/499     5.68G   0.05033  0.008117         0   0.05844        10       640   0.06855    0.1125    0.0226  0.004199   0.08166  0.009229         0
    17/499     5.68G   0.05004  0.008028         0   0.05807         6       640    0.2868    0.1444    0.1054   0.02198   0.07607  0.007977         0
    18/499     5.68G    0.0518  0.008406         0   0.06021        11       640    0.2825    0.1592   0.08842   0.01518   0.07506  0.008195         0
    19/499     5.68G   0.04933  0.008166         0    0.0575        12       640    0.0743    0.2633   0.04038  0.006463   0.06884    0.0113         0
    20/499     5.68G    0.0508  0.008553         0   0.05935         9       640   0.09319    0.1996   0.05032   0.01004   0.06704  0.009436         0
    21/499     5.68G   0.05008  0.008267         0   0.05835        11       640   0.04528    0.2378   0.02337  0.004001   0.07775   0.01424         0
    22/499     5.68G   0.05075  0.008362         0   0.05911         7       640   0.05646   0.08917   0.02329  0.003816   0.06562   0.00985         0
    23/499     5.68G   0.04969  0.008584         0   0.05827        11       640   0.08166    0.1868   0.04157  0.007705   0.06604  0.009359         0
    24/499     5.69G   0.04986  0.008653         0   0.05851         8       640    0.1351    0.1996   0.06246   0.01208   0.06492  0.009407         0
    25/499     5.69G   0.04908  0.008712         0   0.05779         7       640    0.2127    0.2546    0.1165   0.02761   0.06345  0.009366         0
    26/499     5.69G   0.05022  0.008736         0   0.05896         8       640    0.0753    0.1805   0.03768  0.007309   0.06682  0.009386         0
    27/499     5.69G   0.04909  0.009094         0   0.05818        10       640   0.09743    0.1868   0.04983   0.01066   0.06547   0.00931         0
    28/499     5.69G   0.04857  0.008869         0   0.05744         7       640    0.1426    0.2463   0.08876    0.0198    0.0656  0.009113         0
    29/499     5.69G   0.04824  0.008901         0   0.05715        16       640    0.1151    0.2378   0.05238   0.01155   0.07092  0.008278         0
    30/499     5.69G   0.04921  0.008617         0   0.05783        17       640    0.1159    0.2335   0.06608   0.01341   0.06618   0.00891         0
    31/499     5.69G    0.0478  0.008617         0   0.05641         9       640     0.074    0.2739   0.04819  0.009086   0.06945  0.008449         0
    32/499     5.69G    0.0476  0.008586         0   0.05618        15       640     0.107    0.2102   0.05726   0.01247   0.06578  0.009142         0
    33/499     5.69G   0.04832  0.008299         0   0.05662         6       640    0.1721      0.31    0.1142   0.02477   0.06621  0.008794         0
    34/499     5.69G   0.04739  0.008353         0   0.05575        10       640     0.169    0.1666   0.07787   0.01578   0.06727  0.009134         0
    35/499     5.69G   0.04864  0.008438         0   0.05708        14       640     0.171    0.2357   0.09741   0.02215   0.06481  0.009311         0
    36/499     5.69G   0.04672  0.008636         0   0.05535         9       640    0.1676    0.2399   0.09066   0.01936   0.06674  0.009113         0
    37/499     5.69G    0.0467  0.008599         0    0.0553         8       640   0.09981    0.3503   0.06201   0.01269   0.06673   0.00976         0
    38/499     5.69G    0.0468  0.008591         0   0.05539        12       640    0.1272    0.2484   0.08434   0.01899   0.06547  0.009231         0
    39/499     5.69G   0.04525  0.008803         0   0.05405         8       640   0.09976    0.3992   0.06437   0.01368   0.06729   0.01045         0
    40/499     5.69G   0.04422  0.008486         0   0.05271        10       640    0.2154    0.2116    0.1214   0.03388   0.06866  0.009193         0
    41/499     5.69G   0.04626  0.008729         0   0.05499         5       640    0.1924    0.1847   0.09651   0.02754   0.06488  0.009359         0
    42/499     5.69G   0.04381  0.008694         0   0.05251        15       640    0.1253    0.2229   0.07903   0.02248   0.06303   0.00956         0
    43/499     5.69G   0.04146  0.008688         0   0.05015         7       640    0.3829    0.2972    0.2682   0.06775   0.06197  0.009022         0
    44/499     5.69G   0.04505  0.008744         0    0.0538         7       640    0.2045    0.3376    0.1474   0.04438   0.06408  0.009291         0
    45/499     5.69G   0.04577  0.008836         0    0.0546        11       640   0.06657    0.4798   0.04652   0.01072   0.06318   0.02511         0
    46/499     5.69G   0.04018  0.008649         0   0.04883        11       640    0.2104     0.293    0.1426   0.04396    0.0635  0.009402         0
    47/499     5.69G   0.04048  0.008567         0   0.04904         7       640    0.2955    0.3758     0.261   0.07758   0.06141  0.009226         0
    48/499     5.69G   0.04137  0.009029         0    0.0504        10       640    0.4053    0.2822    0.2627   0.07869   0.05934   0.00936         0
    49/499     5.69G   0.04333  0.009111         0   0.05244        15       640    0.2134    0.2718    0.1474   0.04675   0.06092  0.009714         0
    50/499     5.69G   0.04374  0.008507         0   0.05224         6       640    0.3514    0.3152    0.2575   0.08072   0.06168   0.00904         0
    51/499     5.69G   0.03995   0.00901         0   0.04896        10       640    0.3174    0.2548    0.2049   0.06478   0.06356  0.009092         0
    52/499     5.69G   0.04401  0.008911         0   0.05292         8       640    0.3022    0.3312    0.2036   0.06623   0.05846  0.009711         0
    53/499     5.69G   0.04297  0.009054         0   0.05202        13       640    0.2871    0.3439    0.2401   0.07804   0.06068  0.009349         0
    54/499     5.69G   0.04083  0.008697         0   0.04952        15       640    0.3318    0.3928    0.2909   0.08988   0.06033  0.009292         0
    55/499     5.69G   0.04106  0.008937         0   0.04999         4       640    0.3482     0.397    0.2671   0.08499   0.05931  0.009254         0
    56/499     5.69G   0.04115  0.008846         0      0.05         5       640    0.3292     0.373    0.2729   0.08036   0.05953  0.009351         0
    57/499     5.69G   0.03863  0.008798         0   0.04743        13       640    0.3896    0.3843    0.3128    0.1053   0.06109  0.009295         0
    58/499     5.69G   0.03882  0.008854         0   0.04767         7       640     0.233     0.367    0.1785    0.0595   0.06194  0.009446         0
    59/499     5.69G   0.04016  0.008741         0    0.0489         8       640    0.2985    0.4246    0.2915   0.09579   0.05978  0.009185         0
    60/499     5.69G   0.04052  0.008786         0   0.04931         9       640    0.2545    0.3992     0.249   0.08815   0.05631  0.009526         0
    61/499     5.69G   0.04094  0.008976         0   0.04992         9       640    0.3476    0.4459    0.3272     0.105   0.05921  0.009008         0
    62/499     5.69G   0.04085  0.008517         0   0.04936        11       640    0.4182    0.3906    0.3101    0.1064   0.05998  0.008943         0
    63/499     5.69G   0.03921   0.00853         0   0.04774         8       640    0.4087    0.4565    0.3444    0.1183   0.06147  0.009039         0
    64/499     5.69G   0.04062  0.008589         0   0.04921        10       640    0.2566    0.4522    0.1814   0.05781   0.06035   0.00935         0
    65/499     5.69G   0.04045  0.008669         0   0.04912        14       640   0.08271    0.3567   0.05417    0.0146   0.06374   0.01564         0
    66/499     5.69G   0.03764  0.008532         0   0.04618        10       640    0.3365    0.3758    0.2856    0.1043   0.05826  0.009299         0
    67/499     5.69G   0.03977   0.00844         0   0.04821        10       640    0.3774    0.5456    0.3709    0.1279   0.05496  0.008977         0
    68/499     5.69G   0.03706  0.008659         0   0.04572        11       640     0.428    0.4989    0.4042    0.1457   0.05431  0.009125         0
    69/499     5.69G   0.03841  0.008641         0   0.04706         4       640    0.3876    0.4628    0.3405    0.1228   0.05624  0.009198         0
    70/499     5.69G   0.03979  0.008952         0   0.04874         7       640    0.4289    0.4437    0.3735    0.1442   0.05719  0.009122         0
    71/499     5.69G   0.03834  0.008842         0   0.04718         7       640    0.3927    0.4833    0.3735    0.1486   0.05757  0.008904         0
    72/499     5.69G    0.0396   0.00889         0   0.04849        10       640    0.3883    0.4692    0.3407    0.1249   0.05711  0.008969         0
    73/499     5.69G   0.03721  0.008561         0   0.04578        13       640    0.3802    0.3751     0.306    0.1243   0.05623  0.009416         0
    74/499     5.69G   0.03864  0.008757         0    0.0474         6       640     0.513    0.5096    0.4732    0.1875   0.05463  0.008958         0
    75/499     5.69G   0.03863  0.008511         0   0.04714         9       640    0.3606    0.4246    0.3017    0.1282     0.056  0.009383         0
    76/499     5.69G   0.03751  0.009074         0   0.04659         7       640    0.1853    0.4225    0.1328   0.04357   0.05901   0.01303         0
    77/499     5.69G    0.0377  0.008717         0   0.04641        16       640   0.06661    0.5711   0.05143   0.01715   0.05949   0.04298         0
    78/499     5.69G   0.03926   0.00901         0   0.04827        11       640    0.3972    0.4883    0.3628    0.1484   0.05949  0.008952         0
    79/499     5.69G   0.03746  0.008949         0   0.04641        17       640      0.41    0.4706    0.3767    0.1586   0.05867  0.008907         0
    80/499     5.69G   0.03757  0.009035         0    0.0466        14       640    0.3658    0.5095     0.358    0.1503   0.05925  0.008912         0
    81/499     5.69G   0.03443  0.008534         0   0.04297        11       640    0.5036    0.5032    0.4646    0.1984   0.05662  0.008845         0
    82/499     5.69G   0.03661  0.008789         0    0.0454         7       640    0.4583    0.4904    0.4177    0.1789   0.06042  0.008604         0
    83/499     5.69G   0.03486  0.008684         0   0.04355        10       640    0.5482    0.3694      0.41    0.1728   0.05882  0.008836         0
    84/499     5.69G   0.03634  0.008737         0   0.04508        10       640    0.5266    0.5244    0.4859    0.2043   0.05921  0.008689         0
    85/499     5.69G   0.03537  0.008674         0   0.04405        12       640    0.5569    0.4565    0.4613    0.2065   0.05812  0.008689         0
    86/499     5.69G   0.03413  0.008547         0   0.04268         8       640    0.5286    0.4459    0.4281    0.1897   0.05696  0.008837         0
    87/499     5.69G    0.0356  0.008719         0   0.04432         9       640    0.4291    0.5244    0.4143     0.177   0.05726    0.0088         0
    88/499     5.69G   0.03536   0.00869         0   0.04405        11       640    0.4677    0.5241    0.4444    0.1952   0.05655  0.008782         0
    89/499     5.69G   0.03817  0.008702         0   0.04687        12       640    0.5998    0.5011    0.5056    0.2199   0.05605  0.008612         0
    90/499     5.69G    0.0349  0.008701         0    0.0436        16       640    0.6288    0.4711    0.5181    0.2222   0.05741  0.008481         0
    91/499     5.69G   0.03571  0.008633         0   0.04434         9       640    0.6055    0.4756    0.4922    0.2109   0.05918  0.008269         0
    92/499     5.69G   0.03528  0.008799         0   0.04408        11       640    0.5574    0.4862    0.4829    0.2195   0.05932  0.008387         0
    93/499     5.69G   0.03538  0.008801         0   0.04418        15       640    0.5692    0.6263    0.5632    0.2454    0.0563  0.008477         0
    94/499     5.69G   0.03651  0.008747         0   0.04526         7       640      0.51    0.4586    0.4334    0.1858   0.05901  0.008565         0
    95/499     5.69G   0.03425   0.00875         0     0.043        10       640     0.601    0.4604    0.4846     0.206   0.05826  0.008443         0
    96/499     5.69G   0.03505  0.008575         0   0.04362        10       640    0.5617    0.5648    0.5355    0.2277   0.05762  0.008349         0
    97/499     5.69G   0.03637  0.008729         0    0.0451         6       640    0.4253    0.4968    0.3874    0.1729   0.05687  0.008844         0
    98/499     5.69G   0.03636  0.008591         0   0.04495        10       640     0.551    0.5576    0.5264     0.219   0.05836   0.00877         0
    99/499     5.69G   0.03606  0.008656         0   0.04471         9       640    0.5899    0.5376    0.5259    0.2124   0.05769  0.008537         0
   100/499     5.69G   0.03383  0.009094         0   0.04292        13       640    0.5635    0.5605    0.5127     0.228   0.05591  0.008623         0
   101/499     5.69G   0.03438  0.008743         0   0.04312        20       640    0.6828     0.535    0.5556    0.2405   0.05726  0.008424         0
   102/499     5.69G   0.03469  0.008504         0    0.0432         6       640    0.6665     0.488    0.5574    0.2528   0.05418  0.008413         0
   103/499     5.69G   0.03609   0.00872         0   0.04481        11       640    0.4888    0.5626    0.4043    0.1749   0.05194  0.008977         0
   104/499     5.69G   0.03551  0.008661         0   0.04417         8       640    0.5338    0.5159    0.4796    0.2014   0.05326  0.008715         0
   105/499     5.69G   0.03767  0.008722         0   0.04639         9       640    0.5854    0.5902    0.5638    0.2449    0.0535  0.008555         0
   106/499     5.69G   0.03533  0.008693         0   0.04402        10       640     0.594     0.603    0.5884    0.2627   0.05279  0.008478         0
   107/499     5.69G   0.03439  0.008729         0   0.04311        14       640    0.5498    0.4901    0.4758    0.1998   0.05432  0.008742         0
   108/499     5.69G   0.03397  0.008579         0   0.04255         8       640    0.5908    0.5088    0.4848     0.217   0.05592  0.008712         0
   109/499     5.69G   0.03439  0.008841         0   0.04323         7       640    0.6159    0.5786    0.5727    0.2554   0.05541  0.008421         0
   110/499     5.69G   0.03565  0.008645         0   0.04429         8       640     0.534    0.5308    0.4533    0.1892   0.05793  0.008558         0
   111/499     5.69G   0.03516  0.008978         0   0.04414         8       640    0.6896    0.5669     0.576    0.2581   0.05596  0.008404         0
   112/499     5.69G   0.03495  0.008572         0   0.04352        12       640    0.6208    0.4901    0.5173    0.2269   0.05822    0.0083         0
   113/499     5.69G   0.03424  0.008802         0   0.04305        11       640    0.4381    0.6412    0.4357    0.1922   0.05604  0.008543         0
   114/499     5.69G   0.03606  0.009088         0   0.04514         5       640    0.5933    0.4756    0.5002    0.2038    0.0555  0.008786         0
   115/499     5.69G   0.03466  0.008968         0   0.04363        13       640    0.4529    0.5584    0.4482    0.1978    0.0552  0.008878         0
   116/499     5.69G   0.03727  0.009109         0   0.04638         7       640     0.599    0.5711     0.552    0.2559   0.05471    0.0084         0
   117/499     5.69G   0.03532  0.009192         0   0.04451         8       640    0.1037    0.6263     0.087   0.02576   0.05727    0.0234         0
   118/499     5.69G   0.03519  0.008986         0   0.04418         9       640   0.03386    0.5584    0.0238  0.006347   0.06839    0.1641         0
   119/499     5.69G   0.03626  0.009065         0   0.04533        13       640    0.4572    0.5329    0.4502    0.2096   0.05592  0.008753         0
   120/499     5.69G   0.03521  0.008787         0     0.044        13       640    0.5283    0.5329    0.4432    0.1975   0.05851  0.008571         0
   121/499     5.69G   0.03744  0.008767         0   0.04621        12       640    0.5356    0.5167    0.4639    0.2097    0.0562  0.008732         0
   122/499     5.69G    0.0335  0.008632         0   0.04213        10       640    0.6648    0.5515    0.5806     0.272   0.05407  0.008449         0
   123/499     5.69G   0.03376  0.008772         0   0.04253         6       640    0.6203    0.5287    0.5528    0.2645   0.05469  0.008428         0
   124/499     5.69G   0.03549   0.00827         0   0.04376         9       640    0.4739    0.4268    0.3585    0.1538   0.05818  0.009179         0
   125/499     5.69G   0.03488  0.008867         0   0.04374        13       640    0.6792    0.5584    0.5848    0.2821   0.05559  0.008406         0
   126/499     5.69G   0.03314  0.008679         0   0.04182         8       640    0.5177    0.4628    0.4571    0.2077   0.05552  0.008751         0
   127/499     5.69G   0.03508  0.008961         0   0.04404        10       640    0.5457    0.5032    0.5087    0.2306   0.05453  0.008739         0
   128/499     5.69G   0.03261  0.008813         0   0.04143        11       640    0.5806    0.4883     0.505    0.2142   0.05427  0.009059         0
   129/499     5.69G   0.03348  0.008538         0   0.04202        12       640    0.6884    0.5605    0.6161    0.2885   0.05273  0.008494         0
   130/499     5.69G    0.0327  0.008963         0   0.04166         6       640    0.6569    0.6348    0.6427    0.2931   0.05265  0.008482         0
   131/499     5.69G   0.03368  0.008471         0   0.04215         9       640    0.5654    0.6497    0.5551    0.2358   0.05277   0.00859         0
   132/499     5.69G   0.03372  0.008649         0   0.04236         5       640    0.6209     0.598    0.5774    0.2696   0.05182  0.008526         0
   133/499     5.69G   0.03138   0.00862         0      0.04         9       640    0.7611    0.6157    0.6697    0.3186   0.05107  0.008339         0
   134/499     5.69G   0.03009  0.008652         0   0.03874        11       640     0.627    0.5839    0.5697    0.2586   0.04993  0.008556         0
   135/499     5.69G   0.03215  0.008771         0   0.04092         9       640    0.5946    0.6518    0.5986    0.2765   0.04867  0.008642         0
   136/499     5.69G   0.03314  0.008821         0   0.04196        16       640    0.7131    0.6709     0.683    0.3345   0.04999  0.008329         0
   137/499     5.69G   0.03226  0.008365         0   0.04062        13       640    0.6253    0.5597    0.5703    0.2578   0.04986  0.008663         0
   138/499     5.69G   0.03129   0.00811         0    0.0394         8       640    0.6384     0.596    0.6002    0.2814   0.04984  0.008412         0
   139/499     5.69G   0.03201  0.008676         0   0.04069         7       640    0.6282    0.6348    0.6124    0.2831   0.04956  0.008654         0
   140/499     5.69G   0.03176  0.008557         0   0.04032        13       640    0.6927    0.6509    0.6736    0.3158   0.04938  0.008337         0
   141/499     5.69G   0.03128  0.008627         0   0.03991         6       640    0.7565    0.5881    0.6537    0.3156    0.0489  0.008587         0
   142/499     5.69G   0.02999  0.008541         0   0.03853        17       640    0.7079    0.5917    0.6465    0.3151   0.04916  0.008417         0
   143/499     5.69G   0.03045  0.008324         0   0.03877         8       640     0.739    0.5966    0.6448    0.3145    0.0493  0.008399         0
   144/499     5.69G   0.02962   0.00853         0   0.03815         4       640    0.6463    0.6749    0.6546    0.3403   0.04884  0.008462         0
   145/499     5.69G    0.0314  0.008575         0   0.03998        11       640    0.6972    0.6452    0.6667    0.3282   0.04908  0.008418         0
   146/499     5.69G   0.03003  0.008387         0   0.03842        12       640    0.6864    0.6157    0.6195    0.3054   0.04797   0.00851         0
   147/499     5.69G   0.03039  0.008255         0   0.03865         8       640    0.5934     0.673    0.6119    0.3042   0.04835  0.008472         0
   148/499     5.69G    0.0301  0.008211         0   0.03831        12       640    0.6986    0.6157    0.6559    0.3238   0.04895  0.008253         0
   149/499     5.69G   0.03099   0.00826         0   0.03925        10       640    0.6927    0.6709     0.682    0.3306   0.04828  0.008415         0
   150/499     5.69G   0.03176  0.008298         0   0.04006        17       640    0.6835    0.6557    0.6496    0.3305   0.04861  0.008425         0
   151/499     5.69G   0.03054  0.008506         0   0.03905        13       640    0.7108    0.6794    0.6881    0.3516     0.046  0.008344         0
   152/499     5.69G   0.03087  0.008272         0   0.03915        11       640     0.708    0.6518    0.6467    0.3211   0.04869  0.008234         0
   153/499     5.69G   0.02961    0.0082         0   0.03781        12       640    0.7609    0.6621     0.678    0.3346   0.04842  0.008298         0
   154/499     5.69G   0.02961  0.008112         0   0.03772         5       640    0.6307    0.6858    0.6228    0.3092   0.04945   0.00854         0
   155/499     5.69G   0.02948  0.007985         0   0.03747        16       640    0.6931    0.7192    0.6966    0.3491    0.0494  0.008145         0
   156/499     5.69G   0.02902  0.008079         0    0.0371        12       640    0.7452    0.6767     0.679    0.3339     0.049  0.008445         0
   157/499     5.69G   0.03012  0.008228         0   0.03835        12       640     0.741    0.6623    0.6976    0.3412   0.04872  0.008227         0
   158/499     5.69G    0.0292  0.008034         0   0.03724        14       640    0.7321    0.6729    0.6801    0.3317   0.05083   0.00825         0
   159/499     5.69G   0.03038  0.008001         0   0.03838         7       640    0.6697    0.7155    0.6904    0.3489   0.04929  0.008155         0
   160/499     5.69G   0.02929  0.008102         0   0.03739         9       640    0.8351    0.6518    0.7174    0.3714   0.04899  0.008082         0
   161/499     5.69G   0.02861  0.008152         0   0.03676         7       640    0.7616    0.6919    0.7062    0.3611   0.04904   0.00812         0
   162/499     5.69G    0.0291  0.008111         0   0.03721         9       640    0.7836    0.6624    0.7134     0.372   0.04843  0.008046         0
   163/499     5.69G   0.02929  0.007896         0   0.03719         5       640     0.727    0.6559    0.6756     0.342   0.04891   0.00839         0
   164/499     5.69G   0.02835  0.008087         0   0.03644        10       640    0.6943     0.709    0.6817    0.3342   0.05044  0.008127         0
   165/499     5.69G   0.03045  0.007893         0   0.03835         8       640     0.759    0.6956    0.6999    0.3383   0.04983  0.008012         0
   166/499     5.69G   0.02834  0.008022         0   0.03636        10       640    0.7849    0.6752    0.7112    0.3745   0.04905  0.007994         0
   167/499     5.69G   0.02844  0.008003         0   0.03645        15       640    0.6396    0.6708    0.6525    0.3283   0.04934  0.008328         0
   168/499     5.69G   0.02873  0.007885         0   0.03661        10       640    0.7942    0.6603    0.7159    0.3832    0.0494  0.007946         0
   169/499     5.69G   0.02933   0.00795         0   0.03728         7       640    0.7274    0.7365    0.7226    0.3808    0.0494  0.007958         0
   170/499     5.69G   0.02808  0.007772         0   0.03586         8       640    0.4771    0.5138    0.4454    0.2082    0.0513  0.008866         0
   171/499     5.69G   0.02803  0.007841         0   0.03587         6       640    0.6953    0.7219    0.6991    0.3645   0.05009  0.007825         0
   172/499     5.69G   0.02841  0.007909         0   0.03632        11       640    0.7803    0.7316    0.7422    0.3736   0.04886  0.007862         0
   173/499     5.69G   0.02835  0.008041         0   0.03639        11       640    0.7861    0.6412    0.7274    0.3839   0.04824  0.008072         0
   174/499     5.69G   0.02627  0.008117         0   0.03438        16       640    0.7675    0.6879    0.7352    0.3929   0.04846  0.008117         0
   175/499     5.69G   0.02781  0.007923         0   0.03574        10       640    0.6543    0.7219    0.6858    0.3554   0.04863  0.008254         0
   176/499     5.69G   0.02836  0.007755         0   0.03612        13       640    0.8158    0.7147    0.7434     0.384   0.04776  0.008052         0
   177/499     5.69G   0.02675  0.007925         0   0.03468         9       640    0.7501    0.7155    0.7177    0.3628    0.0469  0.008088         0
   178/499     5.69G   0.02742  0.007759         0   0.03518        12       640    0.7724    0.7132    0.7271     0.382   0.04618  0.008124         0
   179/499     5.69G   0.02686  0.007682         0   0.03454        12       640    0.7935    0.6773    0.7367     0.396   0.04623  0.008179         0
   180/499     5.69G   0.02705  0.007803         0   0.03485         9       640    0.7414    0.7365    0.7279    0.3794    0.0468  0.008174         0
   181/499     5.69G   0.02725  0.007621         0   0.03487         6       640    0.7446    0.6943    0.7053    0.3643   0.04671  0.008145         0
   182/499     5.69G   0.02744   0.00762         0   0.03506         9       640    0.7232    0.7047    0.7173    0.3673    0.0464  0.008334         0
   183/499     5.69G   0.02733  0.007738         0   0.03507         9       640    0.7499      0.69    0.7138    0.3798   0.04749  0.008135         0
   184/499     5.69G   0.02731   0.00765         0   0.03496         9       640    0.7486    0.7155    0.7266    0.3829   0.04657  0.008248         0
   185/499     5.69G   0.02682  0.007567         0   0.03439        10       640    0.8135    0.6306    0.7014    0.3763   0.04703  0.008157         0
   186/499     5.69G    0.0272   0.00761         0   0.03481         7       640    0.7975    0.6794     0.722    0.3834   0.04723  0.008131         0
   187/499     5.69G   0.02681   0.00778         0   0.03459        13       640     0.772    0.7045    0.7214    0.3825   0.04718  0.008127         0
   188/499     5.69G     0.027  0.007462         0   0.03447        11       640    0.7196    0.6943    0.6809      0.37   0.04673  0.008333         0
   189/499     5.69G   0.02627  0.007573         0   0.03384        15       640    0.7956    0.7113    0.7453     0.392   0.04536  0.008133         0
   190/499     5.69G   0.02563  0.007621         0   0.03325         5       640    0.7516    0.7006    0.7164    0.3758   0.04606  0.008161         0
   191/499     5.69G   0.02597  0.007623         0    0.0336        10       640    0.8121    0.7065      0.75    0.4083   0.04613  0.008032         0
   192/499     5.69G   0.02584  0.007224         0   0.03307        10       640    0.7431    0.6634    0.6892    0.3664    0.0464  0.008383         0
   193/499     5.69G   0.02631  0.007514         0   0.03382         7       640    0.7956    0.7189    0.7413    0.4042   0.04679  0.008364         0
   194/499     5.69G   0.02693  0.007218         0   0.03414        15       640    0.7426    0.7176    0.7125     0.374   0.04771  0.008297         0
   195/499     5.69G   0.02697  0.007428         0    0.0344        14       640    0.7775    0.6752    0.7072    0.3781   0.04741  0.008195         0
   196/499     5.69G   0.02522  0.007396         0   0.03262         8       640    0.8222    0.6921    0.7453    0.3911   0.04745  0.008089         0
   197/499     5.69G   0.02564  0.007398         0   0.03304         5       640    0.8135    0.7049    0.7469    0.3886   0.04809  0.008065         0
   198/499     5.69G    0.0252   0.00735         0   0.03255         9       640    0.7832    0.7133     0.754    0.3944   0.04743  0.007987         0
   199/499     5.69G   0.02565  0.007089         0   0.03273        12       640    0.7498    0.6943    0.7256     0.393   0.04696  0.008253         0
   200/499     5.69G   0.02619  0.007362         0   0.03355        12       640    0.7814    0.7389    0.7568    0.4088   0.04684  0.008033         0
   201/499     5.69G   0.02629  0.007195         0   0.03349        13       640    0.7853    0.7304    0.7339    0.3846   0.04645  0.008315         0
   202/499     5.69G   0.02373  0.007063         0   0.03079        20       640    0.7891    0.6837    0.7421    0.4003   0.04601   0.00817         0
   203/499     5.69G    0.0273  0.007364         0   0.03467        14       640    0.7929    0.7153     0.769    0.4087   0.04604  0.008103         0
   204/499     5.69G   0.02497  0.007254         0   0.03222        11       640    0.8274    0.7023    0.7649    0.4122   0.04646  0.008176         0
   205/499     5.69G   0.02609  0.007354         0   0.03345        22       640    0.7724    0.7133    0.7406    0.3902   0.04657   0.00815         0
   206/499     5.69G   0.02457  0.007143         0   0.03172         7       640    0.7934    0.7028    0.7523    0.3984   0.04585  0.008159         0
   207/499     5.69G   0.02488  0.007227         0   0.03211         6       640    0.8317    0.6752    0.7499    0.3893   0.04552  0.008358         0
   208/499     5.69G   0.02643  0.007258         0   0.03369        17       640    0.8442    0.7028      0.76    0.3916   0.04528  0.008197         0
   209/499     5.69G   0.02461  0.007348         0   0.03196         7       640     0.828    0.6752    0.7558    0.4017   0.04588  0.008046         0
   210/499     5.69G   0.02491   0.00716         0   0.03207        12       640    0.7917    0.7344    0.7633    0.3935   0.04597  0.008201         0
   211/499     5.69G   0.02576  0.007249         0   0.03301         8       640    0.8171    0.6829    0.7475    0.4023   0.04626  0.008245         0
   212/499     5.69G   0.02466  0.006892         0   0.03155        12       640    0.7499    0.6879    0.7167    0.3773   0.04561  0.008353         0
   213/499     5.69G   0.02516  0.007131         0   0.03229        13       640    0.7757    0.7049    0.7531    0.4001   0.04577  0.008293         0
   214/499     5.69G    0.0256  0.006989         0   0.03259         8       640    0.8054    0.6815    0.7433     0.391   0.04676  0.008092         0
   215/499     5.69G   0.02439  0.007376         0   0.03177        19       640    0.7856    0.6858    0.7539    0.3891   0.04704  0.008222         0
   216/499     5.69G   0.02421  0.007165         0   0.03138        12       640    0.7927    0.7155    0.7662    0.4084   0.04699  0.008297         0
   217/499     5.69G   0.02468  0.007231         0   0.03191        13       640    0.8241    0.6963    0.7602     0.415   0.04615  0.008198         0
   218/499     5.69G   0.02382   0.00702         0   0.03084         9       640    0.8388    0.6961     0.779    0.4116   0.04622  0.008127         0
   219/499     5.69G   0.02342  0.006813         0   0.03023        14       640    0.8136    0.7261    0.7751    0.4177    0.0462  0.008071         0
   220/499     5.69G   0.02333  0.007037         0   0.03037         8       640    0.7829    0.7282    0.7663    0.4103    0.0469  0.008023         0
   221/499     5.69G   0.02503  0.007036         0   0.03207         6       640    0.7881    0.7345    0.7728     0.409    0.0468  0.008058         0
   222/499     5.69G   0.02435  0.006938         0   0.03129        12       640    0.8131    0.7028    0.7747    0.4075    0.0463  0.008259         0
   223/499     5.69G   0.02345  0.007008         0   0.03046         9       640    0.7841    0.6943    0.7503     0.401     0.047  0.008154         0
   224/499     5.69G   0.02335  0.006942         0   0.03029        10       640    0.8342    0.6941    0.7709     0.419   0.04638  0.008182         0
   225/499     5.69G   0.02356  0.006664         0   0.03022        10       640    0.8678    0.6858    0.7781    0.4214   0.04622  0.008067         0
   226/499     5.69G   0.02411  0.006667         0   0.03078        12       640     0.806     0.724    0.7727    0.4209   0.04615   0.00822         0
   227/499     5.69G   0.02307  0.006989         0   0.03006        14       640    0.8612    0.6984    0.7904    0.4312   0.04598  0.008128         0
   228/499     5.69G   0.02438  0.006896         0   0.03127        12       640    0.8312    0.7134     0.786    0.4288   0.04683  0.008241         0
   229/499     5.69G    0.0243  0.006832         0   0.03114         6       640    0.8219      0.69    0.7781    0.4164   0.04719  0.008193         0
   230/499     5.69G   0.02388  0.006766         0   0.03064        10       640    0.8473    0.6832    0.7809    0.4122   0.04588  0.008177         0
   231/499     5.69G   0.02423  0.006835         0   0.03106         6       640    0.8094    0.6943    0.7505    0.4121   0.04629  0.008342         0
   232/499     5.69G   0.02341  0.006791         0    0.0302        12       640    0.7834    0.7304    0.7674    0.4048   0.04734  0.008339         0
   233/499     5.69G   0.02322  0.006818         0   0.03004         4       640    0.7653    0.7406    0.7695    0.4168   0.04597  0.008208         0
   234/499     5.69G   0.02319  0.006787         0   0.02998        10       640    0.7853    0.7091    0.7401    0.3913   0.04569  0.008174         0
   235/499     5.69G   0.02294  0.006993         0   0.02993         5       640    0.8069    0.6921    0.7584    0.3964   0.04573  0.008221         0
   236/499     5.69G   0.02289  0.006833         0   0.02972         9       640    0.8509    0.6794    0.7699    0.4119   0.04533  0.008345         0
   237/499     5.69G   0.02233   0.00688         0   0.02921         9       640    0.7947    0.6984    0.7583     0.413   0.04528  0.008268         0
   238/499     5.69G   0.02344  0.006825         0   0.03027        13       640    0.8032    0.6943    0.7492    0.4087   0.04565  0.008405         0
   239/499     5.69G   0.02251  0.006694         0   0.02921        12       640    0.8497    0.6752    0.7666    0.4213   0.04601  0.008441         0
   240/499     5.69G   0.02223  0.006535         0   0.02876         9       640    0.8391    0.7088    0.7836    0.4296    0.0456  0.008249         0
   241/499     5.69G    0.0223  0.006673         0   0.02897         8       640    0.8052    0.7113    0.7692     0.422   0.04532  0.008152         0
   242/499     5.69G   0.02252  0.006805         0   0.02933        18       640     0.802    0.7197    0.7696    0.4145   0.04481  0.008329         0
   243/499     5.69G   0.02248  0.006611         0   0.02909         8       640    0.8541    0.6963    0.7692    0.4159   0.04468  0.008246         0
   244/499     5.69G   0.02467  0.006721         0   0.03139        11       640    0.8539    0.7006    0.7709    0.4204   0.04473  0.008396         0
   245/499     5.69G   0.02358  0.006734         0   0.03031         8       640    0.8723    0.6815    0.7817    0.4358   0.04461  0.008237         0
   246/499     5.69G   0.02295  0.006594         0   0.02954         8       640    0.8473     0.707    0.7908    0.4314    0.0446  0.008218         0
   247/499     5.69G   0.02202  0.006521         0   0.02854        17       640    0.8408    0.7066    0.7847     0.429   0.04531  0.008167         0
   248/499     5.69G   0.02269  0.006631         0   0.02932         9       640    0.8595      0.69    0.7742    0.4275   0.04628  0.008279         0
   249/499     5.69G   0.02087   0.00666         0   0.02753        15       640    0.8694     0.707    0.7894    0.4348   0.04553  0.008156         0
   250/499     5.69G   0.02222  0.006671         0   0.02889         6       640    0.8336    0.6921    0.7737     0.426   0.04437    0.0084         0
   251/499     5.69G   0.02195  0.006656         0   0.02861         6       640    0.7971    0.7134    0.7676    0.4238   0.04487  0.008365         0
   252/499     5.69G   0.02195  0.006483         0   0.02843        10       640    0.8033    0.7028    0.7639    0.4204    0.0445   0.00839         0
   253/499     5.69G   0.02268  0.006537         0   0.02921         7       640    0.8028    0.7088    0.7643    0.4106   0.04513  0.008567         0
   254/499     5.69G   0.02114  0.006557         0    0.0277        11       640    0.8244    0.6879    0.7651    0.4157   0.04515   0.00846         0
   255/499     5.69G   0.02133  0.006564         0    0.0279         6       640    0.8409    0.6858    0.7693     0.427   0.04531  0.008427         0
   256/499     5.69G   0.02264  0.006761         0    0.0294         9       640    0.8236    0.6858     0.767    0.4154   0.04578  0.008229         0
   257/499     5.69G   0.02154  0.006185         0   0.02773         5       640    0.8534    0.6688     0.766     0.419   0.04568  0.008323         0
   258/499     5.69G   0.02207  0.006694         0   0.02876        12       640    0.8283     0.707    0.7729    0.4183   0.04616  0.008192         0
   259/499     5.69G   0.02177   0.00637         0   0.02814        12       640    0.8271    0.7111    0.7697    0.4164   0.04553  0.008198         0
   260/499     5.69G   0.02121  0.006518         0   0.02772        18       640    0.7957    0.7516    0.7796    0.4191   0.04574   0.00832         0
   261/499     5.69G   0.01991  0.006204         0   0.02611        12       640    0.7985     0.741    0.7834    0.4287   0.04568  0.008251         0
   262/499     5.69G   0.02094  0.006537         0   0.02747         8       640    0.7677    0.7155    0.7504    0.4115   0.04599   0.00828         0
   263/499     5.69G   0.02147  0.006337         0   0.02781        12       640    0.7741     0.724     0.762    0.4173   0.04552  0.008371         0
   264/499     5.69G   0.02125  0.006292         0   0.02755         8       640     0.798    0.7049    0.7541    0.4078   0.04647  0.008414         0
   265/499     5.69G   0.02114  0.006355         0    0.0275         9       640     0.849    0.6921    0.7746    0.4179   0.04588   0.00826         0
   266/499     5.69G    0.0222  0.006539         0   0.02874         7       640    0.8421    0.6921    0.7759    0.4221   0.04562  0.008282         0
   267/499     5.69G   0.02086   0.00627         0   0.02713        15       640    0.8209    0.7005    0.7639    0.4062   0.04577   0.00826         0
   268/499     5.69G   0.02052  0.006143         0   0.02667         8       640    0.8422    0.6921    0.7693    0.4254   0.04577  0.008207         0
   269/499     5.69G    0.0213  0.006332         0   0.02763        12       640    0.8345    0.6746    0.7636    0.4151   0.04563  0.008543         0
   270/499     5.69G   0.02063  0.006154         0   0.02678         8       640    0.7798    0.6858    0.7536    0.4119   0.04593  0.008489         0
   271/499     5.69G   0.02264  0.006395         0   0.02904         7       640    0.8046    0.7091    0.7696    0.4257   0.04513  0.008312         0
   272/499     5.69G   0.02074  0.006329         0   0.02707        13       640    0.8082    0.7068    0.7684    0.4239   0.04494  0.008587         0
   273/499     5.69G   0.02095  0.006404         0   0.02736         9       640    0.8414    0.7134    0.7775     0.432   0.04514  0.008445         0
   274/499     5.69G   0.02079  0.006435         0   0.02723         7       640     0.839    0.7082    0.7797    0.4256   0.04549  0.008475         0
   275/499     5.69G   0.02165  0.006305         0   0.02796         7       640    0.8461    0.6773    0.7714    0.4134   0.04587  0.008291         0
   276/499     5.69G    0.0216  0.006332         0   0.02793         8       640    0.8447    0.6812    0.7626    0.4125    0.0464  0.008235         0
   277/499     5.69G   0.02176  0.006398         0   0.02815         7       640    0.8033    0.7197    0.7698    0.4213   0.04623  0.008265         0
   278/499     5.69G   0.01945  0.006206         0   0.02566         9       640    0.8339    0.7049    0.7822    0.4327   0.04463  0.008263         0
   279/499     5.69G    0.0211  0.006173         0   0.02728         8       640    0.8592    0.6624    0.7761    0.4238   0.04434  0.008273         0
   280/499     5.69G   0.02036  0.006115         0   0.02647         7       640    0.8556    0.6794    0.7833    0.4219   0.04418  0.008267         0
   281/499     5.69G   0.02071  0.006426         0   0.02714        15       640    0.8015    0.7304    0.7881    0.4322   0.04468  0.008343         0
   282/499     5.69G   0.02161   0.00636         0   0.02797        11       640    0.8278    0.6667    0.7659    0.4197   0.04397   0.00857         0
   283/499     5.69G   0.01999  0.006187         0   0.02618        11       640    0.8526    0.6878    0.7793    0.4225   0.04465   0.00855         0
   284/499     5.69G   0.02031  0.006178         0   0.02649        13       640    0.8223    0.7174     0.794    0.4324   0.04568  0.008285         0
   285/499     5.69G   0.02071   0.00609         0    0.0268         7       640    0.8074    0.6942    0.7724    0.4189   0.04518   0.00852         0
   286/499     5.69G   0.01997  0.006324         0    0.0263        13       640    0.8819    0.6518    0.7757    0.4232   0.04562  0.008533         0
   287/499     5.69G   0.02025   0.00612         0   0.02637        10       640    0.8332    0.7134    0.7905     0.431   0.04567  0.008302         0
   288/499     5.69G   0.02041  0.006035         0   0.02644         8       640    0.8036     0.721    0.7852    0.4348   0.04481  0.008355         0
   289/499     5.69G    0.0201  0.006085         0   0.02618         9       640    0.8051    0.7113     0.773    0.4311   0.04492  0.008538         0
   290/499     5.69G   0.02018  0.006131         0   0.02631         7       640    0.8545    0.6857     0.775    0.4244   0.04528  0.008537         0
   291/499     5.69G   0.01987  0.006087         0   0.02596         8       640    0.8904     0.673    0.7844    0.4294   0.04493  0.008507         0
   292/499     5.69G   0.01905  0.006269         0   0.02532         7       640    0.8209    0.7028    0.7775    0.4215   0.04517  0.008516         0
   293/499     5.69G   0.02134  0.006318         0   0.02766        13       640    0.8317    0.6837    0.7689    0.4229   0.04588  0.008395         0
   294/499     5.69G   0.01944  0.006129         0   0.02557        11       640    0.8197    0.7238    0.7878    0.4384   0.04589  0.008237         0
   295/499     5.69G   0.01838  0.005966         0   0.02435         7       640    0.8349    0.7088    0.7831    0.4318   0.04608  0.008298         0
   296/499     5.69G   0.01842    0.0061         0   0.02452        13       640    0.8663    0.6876    0.7804    0.4252   0.04624  0.008352         0
   297/499     5.69G    0.0204  0.005979         0   0.02638        11       640    0.8497    0.7091    0.7925    0.4276   0.04601  0.008552         0
   298/499     5.69G   0.01861  0.005913         0   0.02452        13       640    0.8608    0.6837    0.7851    0.4308   0.04611  0.008305         0
   299/499     5.69G   0.01901  0.005946         0   0.02495        11       640    0.8264    0.6985    0.7809    0.4262   0.04631  0.008264         0
   300/499     5.69G   0.01919  0.005947         0   0.02513         8       640    0.7862     0.726    0.7837    0.4314   0.04588  0.008276         0
   301/499     5.69G   0.02162  0.006198         0   0.02782        15       640    0.8076    0.7219    0.7875    0.4184    0.0461  0.008382         0
   302/499     5.69G   0.01845   0.00615         0    0.0246        13       640    0.8187    0.7006    0.7776    0.4174    0.0454  0.008528         0
   303/499     5.69G   0.02022  0.006074         0    0.0263         5       640     0.862      0.69    0.7862    0.4258   0.04516  0.008457         0
   304/499     5.69G   0.01784  0.006098         0   0.02394        13       640    0.8669     0.707    0.7867    0.4302    0.0448  0.008455         0
   305/499     5.69G   0.01861  0.005861         0   0.02447        17       640    0.8299    0.7046    0.7796    0.4264   0.04504  0.008533         0
   306/499     5.69G   0.01863  0.006001         0   0.02463        11       640    0.8812    0.6772    0.7844    0.4221    0.0443  0.008489         0
   307/499     5.69G   0.01797  0.005747         0   0.02372         9       640    0.8374    0.7218    0.7938    0.4356   0.04382  0.008584         0
   308/499     5.69G   0.01916  0.006093         0   0.02525         8       640    0.8419    0.6899    0.7811    0.4343     0.045  0.008587         0
   309/499     5.69G   0.01936   0.00586         0   0.02522         9       640    0.8535     0.707    0.7876    0.4265   0.04507  0.008657         0
   310/499     5.69G   0.02014    0.0059         0   0.02604        14       640    0.8281    0.7367    0.7944    0.4365    0.0446  0.008614         0
   311/499     5.69G   0.01886  0.005919         0   0.02478        11       640    0.7651     0.747    0.7854    0.4359   0.04489  0.008636         0
   312/499     5.69G   0.01939  0.005631         0   0.02502         7       640    0.7952    0.7252    0.7811    0.4342   0.04478  0.008547         0
   313/499     5.69G   0.01864  0.006061         0   0.02471        10       640    0.8714    0.6645    0.7768    0.4359   0.04492  0.008661         0
   314/499     5.69G   0.01808  0.005797         0   0.02388        12       640    0.8772    0.6688    0.7832    0.4328   0.04489  0.008733         0
   315/499     5.69G   0.01895  0.006012         0   0.02497        10       640    0.8222      0.69    0.7897    0.4397   0.04479  0.008678         0
   316/499     5.69G   0.01782  0.005736         0   0.02356        10       640    0.8461    0.7004    0.7888    0.4348   0.04477   0.00865         0
   317/499     5.69G   0.01882  0.005767         0   0.02459        10       640    0.8445     0.692    0.7932    0.4399   0.04447  0.008581         0
   318/499     5.69G   0.01838  0.005838         0   0.02422        14       640    0.9026    0.6497    0.7869    0.4295   0.04434  0.008604         0
   319/499     5.69G   0.01882  0.005864         0   0.02469        11       640    0.7641    0.7154    0.7813    0.4278   0.04443  0.008564         0
   320/499     5.69G    0.0186  0.005866         0   0.02447        18       640    0.8402     0.692    0.7798    0.4305   0.04442  0.008708         0
   321/499     5.69G   0.01901  0.005743         0   0.02475        15       640    0.8265    0.6878      0.78    0.4234   0.04425  0.008668         0
   322/499     5.69G   0.01818  0.005789         0   0.02397         7       640    0.7995    0.7282    0.7855    0.4269   0.04519  0.008581         0
   323/499     5.69G   0.01872  0.005783         0    0.0245        11       640    0.7939    0.7195    0.7761    0.4322   0.04552  0.008508         0
   324/499     5.69G   0.01832  0.005923         0   0.02425         5       640    0.8099     0.707    0.7689     0.424   0.04574  0.008483         0
   325/499     5.69G   0.01811  0.005713         0   0.02382        13       640    0.8268      0.69    0.7772    0.4231   0.04523  0.008536         0
   326/499     5.69G    0.0184  0.005727         0   0.02413        11       640    0.8817    0.6645    0.7786    0.4272   0.04428  0.008485         0
   327/499     5.69G   0.01869  0.005723         0   0.02441        11       640    0.8703    0.7028    0.7948    0.4372   0.04408   0.00845         0
   328/499     5.69G   0.01734  0.005654         0   0.02299         9       640    0.8217    0.7239    0.7863     0.431   0.04464  0.008601         0
   329/499     5.69G   0.02018  0.005675         0   0.02585        12       640    0.7992    0.7282    0.7809    0.4248   0.04449  0.008572         0
   330/499     5.69G   0.01758  0.005577         0   0.02316        11       640      0.84    0.7024     0.785    0.4307   0.04454  0.008584         0
   331/499     5.69G   0.01773  0.005538         0   0.02326         9       640    0.7672    0.7367    0.7816    0.4432   0.04458  0.008534         0
   332/499     5.69G   0.01817  0.005757         0   0.02393        15       640    0.7952    0.7172     0.781    0.4394   0.04472  0.008503         0
   333/499     5.69G   0.01761  0.005587         0    0.0232         8       640    0.8223    0.7174    0.7936    0.4394    0.0445  0.008427         0
   334/499     5.69G   0.01786  0.005637         0   0.02349        10       640    0.8092    0.7112    0.7843    0.4352   0.04445  0.008604         0
   335/499     5.69G   0.01771  0.005641         0   0.02335        12       640    0.8063     0.707    0.7858    0.4347   0.04444  0.008747         0
   336/499     5.69G    0.0176   0.00569         0   0.02329         9       640    0.8771    0.6518    0.7824     0.426   0.04416  0.008785         0
   337/499     5.69G   0.01722  0.005505         0   0.02272        14       640    0.7946    0.7554    0.7978    0.4456   0.04439  0.008529         0
   338/499     5.69G   0.01747  0.005588         0   0.02306        14       640    0.8792    0.6815    0.7947    0.4415   0.04449  0.008547         0
   339/499     5.69G   0.01863  0.005827         0   0.02446         6       640    0.8141    0.6879    0.7743    0.4265   0.04449   0.00875         0
   340/499     5.69G   0.01701  0.005694         0    0.0227        10       640    0.8246    0.7089    0.7832    0.4254    0.0443  0.008707         0
   341/499     5.69G   0.01798    0.0058         0   0.02378         7       640    0.8605    0.6942    0.7932    0.4336   0.04395  0.008723         0
   342/499     5.69G   0.01705  0.005682         0   0.02273        11       640    0.8416    0.7006     0.789    0.4329   0.04394  0.008693         0
   343/499     5.69G   0.01774   0.00557         0   0.02331        11       640    0.7629    0.7516    0.7904    0.4367   0.04387  0.008611         0
   344/499     5.69G   0.01745  0.005602         0   0.02305        17       640    0.8256    0.7049    0.7817     0.435   0.04406  0.008687         0
   345/499     5.69G   0.01691  0.005595         0    0.0225         6       640    0.8609    0.6837     0.777    0.4287    0.0445  0.008806         0
   346/499     5.69G   0.01793  0.005913         0   0.02384        10       640      0.82    0.7261    0.7949     0.437   0.04406  0.008683         0
   347/499     5.69G   0.01744    0.0054         0   0.02284        11       640    0.8345    0.7281    0.8016    0.4411   0.04415  0.008591         0
   348/499     5.69G   0.01697  0.005426         0    0.0224         8       640    0.8652    0.6814    0.7906    0.4338   0.04471  0.008703         0
   349/499     5.69G   0.01737  0.005425         0    0.0228         9       640    0.8524    0.6645    0.7832    0.4274   0.04428  0.008764         0
   350/499     5.69G   0.01671  0.005641         0   0.02235        14       640    0.8184    0.6983     0.786    0.4316   0.04461  0.008798         0
   351/499     5.69G   0.01681  0.005422         0   0.02223        10       640    0.8782    0.6773    0.7902    0.4355    0.0445  0.008764         0
   352/499     5.69G    0.0173  0.005554         0   0.02286         7       640    0.8198     0.734    0.7937    0.4337   0.04389   0.00866         0
   353/499     5.69G   0.01683  0.005494         0   0.02232        12       640    0.7864    0.7431    0.7974    0.4306   0.04418  0.008597         0
   354/499     5.69G   0.01801   0.00532         0   0.02333         8       640    0.7893    0.7261    0.7877    0.4311   0.04443  0.008733         0
   355/499     5.69G   0.01636  0.005278         0   0.02164         6       640    0.8664    0.6752    0.7935    0.4358   0.04467  0.008639         0
   356/499     5.69G    0.0167  0.005394         0   0.02209         8       640    0.8679    0.6835    0.7952     0.443   0.04461  0.008535         0
   357/499     5.69G   0.01693  0.005408         0   0.02234        13       640    0.7955    0.7597    0.8023    0.4469   0.04458  0.008585         0
   358/499     5.69G   0.01711  0.005374         0   0.02249        12       640    0.8289    0.7304    0.8027    0.4509    0.0444  0.008626         0
   359/499     5.69G   0.01745   0.00556         0   0.02301         9       640    0.8647     0.707    0.8006    0.4493   0.04471  0.008636         0
   360/499     5.69G   0.01659  0.005344         0   0.02194        13       640    0.8231    0.7111    0.7957    0.4448   0.04422  0.008646         0
   361/499     5.69G   0.01727  0.005188         0   0.02246        11       640    0.7955    0.7367    0.7917     0.443   0.04409  0.008664         0
   362/499     5.69G   0.01679  0.005143         0   0.02193         6       640    0.8575    0.6898     0.794    0.4452   0.04411  0.008686         0
   363/499     5.69G   0.01736   0.00548         0   0.02284         8       640    0.8653    0.6964    0.8019    0.4449   0.04367  0.008673         0
   364/499     5.69G     0.017  0.005236         0   0.02224        18       640    0.8823    0.6879    0.8027    0.4444   0.04379   0.00864         0
   365/499     5.69G    0.0171  0.005425         0   0.02252        12       640    0.8314    0.7134    0.7992    0.4411   0.04383   0.00863         0
   366/499     5.69G   0.01713  0.005214         0   0.02235        14       640    0.8646     0.707    0.8019    0.4442   0.04394  0.008591         0
   367/499     5.69G   0.01692  0.005337         0   0.02226         8       640    0.8405    0.7389    0.8154    0.4445   0.04404  0.008653         0
   368/499     5.69G   0.01739  0.005274         0   0.02266        10       640    0.8305    0.7387    0.8091    0.4434   0.04438  0.008719         0
   369/499     5.69G   0.01819  0.005511         0    0.0237         7       640    0.8589    0.7109    0.8056    0.4423    0.0446  0.008773         0
   370/499     5.69G     0.016  0.005394         0    0.0214        14       640    0.8803    0.7027    0.8021    0.4504   0.04439  0.008698         0
   371/499     5.69G   0.01654   0.00532         0   0.02185        11       640    0.8341    0.7261    0.7901    0.4441   0.04431  0.008716         0
   372/499     5.69G   0.01741  0.005371         0   0.02279         9       640    0.8658    0.6984    0.7914    0.4395   0.04418  0.008784         0
   373/499     5.69G   0.01659  0.005292         0   0.02188        11       640    0.8492    0.7173    0.8054    0.4472   0.04377  0.008607         0
   374/499     5.69G   0.01594  0.005365         0   0.02131         8       640     0.829    0.7325    0.8055    0.4457   0.04395  0.008625         0
   375/499     5.69G   0.01674  0.005264         0     0.022        11       640    0.8561    0.7091    0.8035    0.4434    0.0441  0.008611         0
   376/499     5.69G   0.01608  0.005246         0   0.02132        14       640    0.8426    0.7282     0.802    0.4394   0.04441  0.008657         0
   377/499     5.69G   0.01686  0.005314         0   0.02218         6       640    0.8542    0.7089    0.7998    0.4333   0.04445  0.008653         0
   378/499     5.69G   0.01713  0.005452         0   0.02258        10       640    0.8647    0.6918    0.7921     0.433   0.04377  0.008649         0
   379/499     5.69G   0.01632  0.005214         0   0.02154        12       640    0.8627    0.6943    0.7926    0.4271   0.04382  0.008674         0
   380/499     5.69G   0.01556  0.005042         0    0.0206         6       640    0.8917    0.6921    0.8044    0.4363   0.04365  0.008617         0
   381/499     5.69G   0.01598  0.005246         0   0.02122        11       640    0.8325    0.7219    0.7987    0.4424    0.0435  0.008678         0
   382/499     5.69G   0.01543  0.005044         0   0.02048        10       640    0.8361    0.7176    0.7951    0.4431   0.04366  0.008767         0
   383/499     5.69G   0.01573  0.005197         0   0.02093        10       640    0.8204    0.7176    0.7922    0.4418   0.04336  0.008803         0
   384/499     5.69G   0.01574  0.005107         0   0.02085         9       640    0.8292    0.7112     0.793    0.4432   0.04327   0.00876         0
   385/499     5.69G   0.01578  0.005143         0   0.02092         6       640    0.8155     0.732    0.7934    0.4392   0.04357  0.008802         0
   386/499     5.69G   0.01638  0.005283         0   0.02166        11       640    0.8254    0.7028    0.7844    0.4342   0.04379  0.008904         0
   387/499     5.69G   0.01729  0.005305         0    0.0226        10       640    0.8062    0.7154    0.7839    0.4261    0.0441  0.009041         0
   388/499     5.69G   0.01579  0.005167         0   0.02095        18       640    0.8582    0.6943    0.7904    0.4349   0.04396  0.009006         0
   389/499     5.69G   0.01548  0.005131         0   0.02061         8       640    0.8425    0.7153    0.7882    0.4355   0.04421  0.008859         0
   390/499     5.69G   0.01558  0.005159         0   0.02074         9       640    0.8191    0.7325    0.7908    0.4431   0.04439  0.008796         0
   391/499     5.69G   0.01679  0.005181         0   0.02197         4       640     0.855    0.7028      0.79    0.4417   0.04436  0.008837         0
   392/499     5.69G   0.01509  0.005249         0   0.02034        16       640    0.8612    0.7134    0.8002    0.4488   0.04426  0.008711         0
   393/499     5.69G   0.01601  0.005216         0   0.02123         8       640    0.8391    0.7197    0.8017    0.4455   0.04391  0.008776         0
   394/499     5.69G   0.01614  0.005202         0   0.02135         8       640    0.8324    0.7304    0.8009    0.4404   0.04424  0.008831         0
   395/499     5.69G   0.01628    0.0051         0   0.02138        13       640    0.8506    0.7133    0.7989    0.4388   0.04388  0.008833         0
   396/499     5.69G   0.01594  0.005381         0   0.02132        10       640    0.8174    0.7537    0.8048    0.4467   0.04342  0.008788         0
   397/499     5.69G   0.01539  0.004994         0   0.02038        11       640    0.8382    0.7261    0.7989    0.4415    0.0435  0.008815         0
   398/499     5.69G   0.01547  0.005135         0    0.0206        13       640    0.8619    0.7049    0.7993    0.4417   0.04351  0.008772         0
   399/499     5.69G   0.01547   0.00497         0   0.02044        11       640    0.8966    0.6879    0.8071    0.4514   0.04339  0.008658         0
   400/499     5.69G   0.01611  0.005145         0   0.02125        12       640    0.8156    0.7515    0.8068    0.4479   0.04317  0.008679         0
   401/499     5.69G     0.016  0.005363         0   0.02137        10       640     0.894    0.7006    0.8035     0.444   0.04355  0.008648         0
   402/499     5.69G   0.01493  0.004898         0   0.01983        10       640    0.8789    0.6943    0.7945    0.4381   0.04368  0.008647         0
   403/499     5.69G   0.01461  0.005089         0    0.0197        10       640    0.8073    0.7473    0.7957    0.4376   0.04393  0.008689         0
   404/499     5.69G    0.0155  0.005099         0    0.0206         8       640    0.8027    0.7431     0.795     0.444   0.04358  0.008705         0
   405/499     5.69G   0.01579  0.005092         0   0.02088         8       640    0.7945     0.747    0.7963    0.4407   0.04338  0.008739         0
   406/499     5.69G   0.01625  0.005169         0   0.02142        10       640     0.828    0.7154    0.7941    0.4395   0.04349    0.0088         0
   407/499     5.69G   0.01478  0.005041         0   0.01982         8       640     0.809    0.7473    0.7972    0.4387   0.04336  0.008804         0
   408/499     5.69G   0.01544  0.005002         0   0.02044        11       640    0.8511    0.7049    0.8004    0.4421   0.04335  0.008811         0
   409/499     5.69G   0.01597  0.004918         0   0.02089         9       640    0.8177    0.7238    0.7984    0.4413   0.04341  0.008867         0
   410/499     5.69G   0.01565  0.004972         0   0.02062        12       640    0.8417    0.7111    0.7973     0.441   0.04325  0.008866         0
   411/499     5.69G   0.01549  0.005072         0   0.02056        12       640    0.8765    0.6943    0.8054    0.4471   0.04303  0.008765         0
   412/499     5.69G   0.01469  0.004962         0   0.01965         9       640    0.8403    0.7259    0.8024    0.4445   0.04302  0.008778         0
   413/499     5.69G   0.01537  0.005218         0   0.02059        15       640    0.8796    0.6837    0.8013    0.4445   0.04307  0.008788         0
   414/499     5.69G   0.01555  0.005164         0   0.02072         8       640    0.8732    0.6773    0.7907    0.4459   0.04301  0.008759         0
   415/499     5.69G   0.01509  0.004856         0   0.01995        11       640    0.7958    0.7367    0.7939    0.4431   0.04313  0.008799         0
   416/499     5.69G   0.01516  0.004941         0    0.0201        10       640    0.8345    0.7174    0.7999    0.4443   0.04327  0.008785         0
   417/499     5.69G   0.01543  0.004876         0   0.02031        16       640    0.7963     0.747    0.7972    0.4429    0.0433  0.008875         0
   418/499     5.69G   0.01578  0.004956         0   0.02074        10       640    0.8366    0.7197    0.8037    0.4462   0.04332  0.008869         0
   419/499     5.69G   0.01577  0.004857         0   0.02062        12       640    0.8474    0.7219    0.8033    0.4505    0.0434  0.008822         0
   420/499     5.69G   0.01546  0.005113         0   0.02057        11       640     0.855    0.7133    0.7967    0.4434   0.04372  0.008861         0
   421/499     5.69G   0.01539  0.005055         0   0.02045        13       640    0.8428    0.7134     0.795    0.4425   0.04386  0.008909         0
   422/499     5.69G   0.01486  0.004929         0   0.01979        11       640     0.846    0.7112     0.796     0.441   0.04385  0.008929         0
   423/499     5.69G   0.01553  0.004981         0   0.02051         8       640    0.8814    0.6942    0.7985    0.4438   0.04383  0.008861         0
   424/499     5.69G   0.01495  0.004872         0   0.01982         6       640    0.8511    0.7049    0.7993    0.4413   0.04375  0.008888         0
   425/499     5.69G   0.01389  0.005022         0   0.01891         8       640     0.819     0.711    0.8001    0.4392   0.04354  0.008904         0
   426/499     5.69G   0.01529  0.004975         0   0.02026         9       640    0.7937    0.7282    0.7933    0.4353   0.04349  0.008962         0
   427/499     5.69G   0.01506  0.005048         0   0.02011         6       640    0.7515    0.7643    0.7894    0.4268   0.04351  0.009045         0
   428/499     5.69G   0.01497  0.004987         0   0.01996        10       640    0.7969    0.7367    0.7934    0.4353   0.04359  0.009012         0
   429/499     5.69G   0.01502  0.004901         0   0.01992         8       640    0.8008    0.7431    0.7941    0.4418   0.04362  0.008968         0
   430/499     5.69G   0.01455  0.004815         0   0.01936         9       640    0.8446    0.7152    0.7972    0.4403   0.04355  0.008918         0
   431/499     5.69G   0.01486  0.004976         0   0.01984        11       640    0.8516    0.7067     0.793    0.4358    0.0435  0.008883         0
   432/499     5.69G   0.01456  0.004837         0   0.01939        13       640    0.8261    0.7197    0.7865    0.4374   0.04357  0.008957         0
   433/499     5.69G   0.01502  0.004743         0   0.01976         8       640    0.8564    0.7091    0.7887    0.4393   0.04344  0.008969         0
   434/499     5.69G   0.01525  0.004971         0   0.02022         7       640    0.8297     0.724    0.7886    0.4363   0.04349  0.008997         0
   435/499     5.69G   0.01482  0.004961         0   0.01978        12       640    0.8746    0.6964    0.7883    0.4356   0.04372  0.008975         0
   436/499     5.69G   0.01482  0.005024         0   0.01985        13       640    0.8816    0.6964    0.7881    0.4361   0.04353  0.008901         0
   437/499     5.69G   0.01562  0.005044         0   0.02067        11       640    0.8837    0.6943    0.7924     0.437   0.04352  0.008896         0
   438/499     5.69G   0.01491  0.004936         0   0.01984        11       640    0.8952      0.69    0.7961    0.4425    0.0433  0.008893         0
   439/499     5.69G   0.01456  0.004778         0   0.01934         8       640    0.8849    0.6858     0.787    0.4386     0.043  0.009001         0
   440/499     5.69G   0.01444  0.004832         0   0.01927         9       640    0.8182    0.7282    0.7912    0.4366   0.04289  0.009083         0
   441/499     5.69G   0.01455  0.004846         0   0.01939        14       640     0.874    0.6943    0.7922    0.4418    0.0426  0.009037         0
   442/499     5.69G   0.01443  0.004811         0   0.01924        11       640    0.8499    0.7091    0.7946    0.4431   0.04267  0.009041         0
   443/499     5.69G   0.01401  0.004754         0   0.01876         8       640    0.8317     0.724    0.7983    0.4447   0.04273  0.009011         0
   444/499     5.69G   0.01479  0.004904         0    0.0197        13       640    0.8786    0.6921    0.8001    0.4435   0.04278  0.008961         0
   445/499     5.69G   0.01509  0.004883         0   0.01998         6       640    0.8733    0.6879     0.797    0.4481   0.04256  0.009024         0
   446/499     5.69G   0.01436  0.004883         0   0.01924        10       640    0.8994    0.6645    0.7892     0.445   0.04253  0.009079         0
   447/499     5.69G    0.0152  0.004872         0   0.02008        12       640    0.8919    0.6667    0.7885     0.441   0.04255  0.009119         0
   448/499     5.69G   0.01499  0.005004         0   0.01999        10       640    0.8894    0.6837    0.7932    0.4425   0.04263  0.009026         0
   449/499     5.69G   0.01454  0.004753         0   0.01929         8       640    0.8027    0.7344    0.7868    0.4406    0.0427  0.008985         0
   450/499     5.69G    0.0142  0.004981         0   0.01918        13       640    0.8175    0.7325    0.7872    0.4398   0.04271   0.00899         0
   451/499     5.69G   0.01506  0.004851         0   0.01991        11       640    0.8175    0.7324    0.7883    0.4374   0.04272   0.00904         0
   452/499     5.69G   0.01537  0.004883         0   0.02026         7       640    0.8387    0.7175    0.7941    0.4387    0.0426  0.009067         0
   453/499     5.69G   0.01417  0.004813         0   0.01899         9       640     0.887    0.6836     0.791    0.4408   0.04243  0.009035         0
   454/499     5.69G   0.01471   0.00494         0   0.01965        14       640    0.8835    0.6921    0.7919    0.4376   0.04246  0.009061         0
   455/499     5.69G   0.01404  0.004886         0   0.01892        10       640    0.8656    0.6985    0.7908    0.4355   0.04236  0.009095         0
   456/499     5.69G   0.01471  0.004803         0   0.01951         9       640    0.8449     0.707     0.784    0.4365   0.04235  0.009116         0
   457/499     5.69G   0.01424  0.004673         0   0.01891        15       640    0.8526    0.7006    0.7823    0.4343   0.04252  0.009165         0
   458/499     5.69G   0.01466  0.004762         0   0.01942        10       640    0.8298    0.7155    0.7816    0.4344   0.04279  0.009176         0
   459/499     5.69G   0.01552  0.004935         0   0.02046        10       640    0.8556     0.692    0.7768    0.4336   0.04298  0.009126         0
   460/499     5.69G   0.01391  0.004697         0   0.01861         8       640    0.8239    0.7154    0.7793    0.4325   0.04321  0.009093         0
   461/499     5.69G   0.01485  0.005039         0   0.01989        15       640    0.8243    0.7176    0.7815    0.4342   0.04317  0.009109         0
   462/499     5.69G   0.01491  0.004773         0   0.01969         7       640    0.8399    0.7028    0.7826    0.4345   0.04303  0.009128         0
   463/499     5.69G   0.01468  0.004816         0    0.0195         9       640    0.8405    0.7048    0.7838    0.4377   0.04284  0.009117         0
   464/499     5.69G   0.01479  0.004847         0   0.01964        18       640    0.8286    0.7091    0.7853    0.4396   0.04259  0.009077         0
   465/499     5.69G   0.01449  0.004898         0   0.01939        14       640    0.8444    0.7026     0.789    0.4435   0.04251  0.009036         0
   466/499     5.69G   0.01336  0.004535         0    0.0179        14       640    0.8314    0.7134    0.7891    0.4442   0.04258  0.009024         0
   467/499     5.69G   0.01467  0.004794         0   0.01947        10       640    0.8012    0.7389     0.791    0.4411   0.04264  0.009037         0
   468/499     5.69G    0.0145  0.004876         0   0.01938        11       640    0.8618    0.6921    0.7908    0.4417   0.04273   0.00906         0
   469/499     5.69G    0.0143  0.004752         0   0.01905         9       640    0.8771    0.6837    0.7902    0.4389   0.04292   0.00903         0
   470/499     5.69G   0.01409  0.004687         0   0.01878         9       640    0.8858    0.6751    0.7914    0.4416   0.04291  0.009018         0
   471/499     5.69G   0.01344  0.004796         0   0.01823        11       640    0.7982     0.741    0.7932    0.4423   0.04277   0.00902         0
   472/499     5.69G   0.01373  0.004568         0   0.01829         8       640    0.8045    0.7346    0.7901    0.4448    0.0427   0.00899         0
   473/499     5.69G   0.01535  0.004805         0   0.02015        12       640     0.795    0.7494    0.7917    0.4418   0.04258  0.009024         0
   474/499     5.69G   0.01391  0.004659         0   0.01857         6       640    0.7955    0.7514    0.7919    0.4442   0.04275  0.009075         0
   475/499     5.69G   0.01406   0.00472         0   0.01878        14       640    0.8069    0.7389    0.7919    0.4455   0.04291  0.009067         0
   476/499     5.69G   0.01441  0.004882         0   0.01929        10       640    0.9062    0.6773    0.7986    0.4444    0.0428  0.009033         0
   477/499     5.69G    0.0145  0.004617         0   0.01912         8       640    0.8683    0.7006     0.797     0.448   0.04263  0.008979         0
   478/499     5.69G   0.01408  0.004725         0   0.01881         9       640    0.8446    0.7155     0.795    0.4463   0.04257  0.009014         0
   479/499     5.69G   0.01372  0.004567         0   0.01828         9       640    0.8571    0.7134     0.799    0.4477   0.04247  0.009037         0
   480/499     5.69G    0.0142  0.004735         0   0.01893        12       640    0.8475    0.7197    0.7992    0.4474   0.04255  0.009067         0
   481/499     5.69G    0.0138  0.004676         0   0.01848         7       640    0.8572    0.7028    0.7961    0.4487   0.04257  0.009135         0
   482/499     5.69G   0.01441  0.004552         0   0.01897        14       640    0.8349    0.7195     0.796    0.4492   0.04268  0.009167         0
   483/499     5.69G   0.01407  0.004755         0   0.01882        11       640    0.8674    0.6943    0.7933    0.4486   0.04266  0.009156         0
   484/499     5.69G   0.01459  0.004685         0   0.01928         4       640    0.8393    0.7134    0.7946    0.4454    0.0428  0.009176         0
   485/499     5.69G   0.01373  0.004697         0   0.01843         9       640     0.874     0.692    0.7938     0.445   0.04285  0.009214         0
   486/499     5.69G   0.01378  0.004549         0   0.01833        10       640    0.8677    0.6963    0.7925    0.4489   0.04265  0.009184         0
   487/499     5.69G    0.0145  0.004601         0    0.0191        13       640    0.8264    0.7304    0.7984    0.4552   0.04244  0.009135         0
   488/499     5.69G   0.01344  0.004663         0   0.01811        10       640    0.8321    0.7365    0.8035    0.4532   0.04244  0.009143         0
   489/499     5.69G   0.01412  0.004739         0   0.01886         6       640    0.8293    0.7325    0.8014    0.4509   0.04241  0.009159         0
   490/499     5.69G   0.01343  0.004611         0   0.01804         9       640    0.8352    0.7219    0.8014    0.4512    0.0424   0.00914         0
   491/499     5.69G   0.01356  0.004748         0   0.01831        11       640    0.8355     0.724    0.8001    0.4533   0.04235  0.009091         0
   492/499     5.69G   0.01357  0.004617         0   0.01818         6       640    0.8455    0.7219    0.8011    0.4527   0.04232  0.009032         0
   493/499     5.69G   0.01391  0.004505         0   0.01842        14       640    0.8337    0.7346     0.803    0.4536   0.04218  0.009015         0
   494/499     5.69G   0.01383  0.004664         0   0.01849        10       640    0.8301    0.7364    0.8036    0.4528   0.04224  0.009059         0
   495/499     5.69G   0.01405  0.004718         0   0.01877        12       640    0.8284    0.7279     0.797    0.4498    0.0423  0.009086         0
   496/499     5.69G   0.01339  0.004676         0   0.01807        12       640    0.8206    0.7383    0.8028    0.4496   0.04227   0.00909         0
   497/499     5.69G   0.01387  0.004598         0   0.01847         6       640     0.873    0.7005    0.7987    0.4481    0.0423  0.009156         0
   498/499     5.69G   0.01367  0.004577         0   0.01825         9       640    0.8296     0.724    0.7953    0.4471    0.0423  0.009158         0
   499/499     5.69G   0.01432  0.004556         0   0.01888         7       640    0.8354     0.724    0.7962    0.4476   0.04225  0.009125         0
