     0/299     1.94G   0.06205   0.01958         0   0.08164        10       640  0.003669    0.7219  0.008303  0.001049   0.07385   0.01652         0
     1/299     5.66G   0.05988   0.01513         0   0.07501         9       640  0.009228    0.6166  0.006975 0.0008593   0.06998     0.015         0
     2/299     5.66G   0.05879   0.01387         0   0.07265         3       640   0.00365   0.07587  0.007462 0.0009911   0.06744   0.01393         0
     3/299     5.67G   0.05818   0.01282         0   0.07099        13       640  0.008976   0.03454  0.009371  0.002645   0.06608   0.01287         0
     4/299     5.68G   0.05666   0.01163         0   0.06829         7       640  0.006842    0.3247  0.004549 0.0006863   0.07519   0.03396         0
     5/299      5.7G    0.0551   0.01096         0   0.06606        11       640   0.01097   0.06908  0.005413 0.0007916   0.06801   0.01205         0
     6/299     5.69G   0.05797   0.01108         0   0.06905        12       640   0.02647   0.07254  0.008713  0.001293   0.06452    0.0115         0
     7/299      5.7G   0.05827   0.01088         0   0.06915         8       640  0.003146    0.4715  0.002453 0.0003684    0.0688    0.5311         0
     8/299      5.7G   0.05802   0.01055         0   0.06857        12       640  0.005073    0.2504  0.003614 0.0005205   0.07113   0.01364         0
     9/299     5.65G    0.0566    0.0097         0    0.0663        13       640  0.003978    0.7116  0.003612  0.000507   0.06569   0.01137         0
    10/299     5.65G   0.05625  0.009913         0   0.06616         6       640   0.02069   0.02418  0.006253 0.0009495   0.06469   0.01011         0
    11/299     5.65G   0.05692  0.009188         0   0.06611         9       640   0.01917    0.1744  0.008836  0.001499   0.06366  0.009708         0
    12/299     5.64G   0.05887  0.009145         0   0.06802         6       640   0.03147    0.1693   0.01272  0.002132   0.06582  0.009607         0
    13/299     5.64G    0.0577  0.009713         0   0.06741         5       640   0.08587   0.05906   0.02096  0.004096   0.06361  0.009685         0
    14/299     5.66G   0.05628  0.008943         0   0.06523         5       640   0.01237   0.09499  0.008278  0.001335   0.06537   0.00967         0
    15/299     5.66G    0.0567   0.00846         0   0.06516         8       640  0.002345    0.3731  0.001157 0.0001786   0.07829   0.01483         0
    16/299     5.66G   0.05587  0.009298         0   0.06516        11       640  0.004564    0.2435  0.002637 0.0004037   0.07989  0.006445         0
    17/299     5.66G     0.059  0.008967         0   0.06797        10       640     0.105   0.08463   0.02919  0.006639   0.06897  0.008875         0
    18/299     5.66G   0.05758  0.009428         0     0.067         8       640   0.04446   0.04145   0.01328  0.002184   0.06629  0.009511         0
    19/299     5.66G   0.05618  0.009118         0   0.06529         7       640   0.05818    0.1019   0.01999  0.003287   0.06657  0.009298         0
    20/299     5.66G   0.05687  0.009058         0   0.06593        10       640   0.04325   0.07427   0.01456  0.002267   0.06403  0.009588         0
    21/299     5.66G   0.05762  0.009562         0   0.06718        15       640   0.08825   0.04318   0.01655  0.003307   0.06549    0.0096         0
    22/299     5.66G   0.05615   0.00946         0   0.06561        16       640   0.02468    0.1762   0.01123  0.001624   0.06788  0.009389         0
    23/299     5.66G   0.05831   0.00895         0   0.06726        10       640   0.06742   0.03109   0.01439  0.002166    0.0664  0.009525         0
    24/299     5.66G   0.05515  0.009218         0   0.06436        10       640   0.06081   0.06563   0.02517  0.005862   0.06515  0.009667         0
    25/299     5.66G   0.05507    0.0092         0   0.06427         8       640    0.1363   0.05699   0.03746  0.006953   0.06496  0.009823         0
    26/299     5.66G   0.05298  0.008788         0   0.06177         7       640  0.008777    0.5233  0.006804  0.000995   0.06745   0.01751         0
    27/299     5.66G   0.05031  0.008423         0   0.05873         5       640    0.0218    0.2798   0.01527  0.002283   0.06607   0.00954         0
    28/299     5.66G   0.05744  0.008447         0   0.06588         8       640    0.0253    0.2366   0.01561  0.002136   0.06536  0.009828         0
    29/299     5.66G   0.05406  0.009607         0   0.06367         8       640    0.1053    0.2522   0.05631  0.009362   0.06443  0.009522         0
    30/299     5.66G   0.05069  0.008957         0   0.05965        13       640    0.1401    0.1917   0.06249  0.009398   0.06615  0.009335         0
    31/299     5.66G     0.057  0.008899         0    0.0659         9       640    0.1741    0.1917   0.09837   0.01982   0.06737  0.009359         0
    32/299     5.66G   0.05144  0.008775         0   0.06021        12       640    0.1516    0.1986   0.07408   0.01177   0.06877  0.008717         0
    33/299     5.66G   0.05371  0.008423         0   0.06214         6       640   0.03935    0.2953   0.02362  0.003786   0.06992   0.01316         0
    34/299     5.66G   0.05463  0.008832         0   0.06347         7       640   0.03803    0.1727   0.02008  0.003058   0.06736   0.01046         0
    35/299     5.66G   0.05199  0.009074         0   0.06107        12       640   0.05594    0.2176   0.03156  0.005156   0.06619  0.009277         0
    36/299     5.66G   0.05415  0.008632         0   0.06278         8       640   0.06122    0.1813   0.02855  0.004337   0.06625  0.009388         0
    37/299     5.66G   0.05113  0.008462         0   0.05959        17       640   0.05575    0.1434   0.02408  0.003783   0.06638  0.009208         0
    38/299     5.64G   0.05323  0.008224         0   0.06145         6       640    0.1384    0.1986   0.08046   0.01263   0.06631  0.009304         0
    39/299     5.65G   0.05263  0.008178         0   0.06081        10       640   0.08485    0.2919   0.05212  0.008042   0.06579    0.0115         0
    40/299     5.65G   0.04995   0.00868         0   0.05863         8       640   0.06598    0.1796   0.03274  0.005206    0.0662   0.01001         0
    41/299     5.65G   0.05479  0.008858         0   0.06364        15       640   0.09388    0.1226   0.03818  0.006846   0.06525  0.009059         0
    42/299     5.65G   0.05158  0.008629         0   0.06021        19       640   0.03859    0.3351     0.026  0.003935   0.06523   0.01358         0
    43/299     5.65G   0.05066  0.008071         0   0.05873         9       640    0.1167    0.2409   0.07809   0.01293   0.06585   0.00897         0
    44/299     5.65G   0.05162   0.00876         0   0.06038        12       640    0.1131    0.2142   0.06464     0.011   0.06645  0.009053         0
    45/299     5.65G   0.05307  0.008254         0   0.06132        10       640    0.1303    0.1554   0.05821   0.01002   0.06667  0.009181         0
    46/299     5.65G   0.05302  0.008392         0   0.06141         5       640    0.1308    0.1675   0.06311   0.01097   0.06524  0.009207         0
    47/299     5.65G    0.0545  0.009107         0    0.0636        11       640    0.1218    0.1468   0.06632   0.01314   0.06413  0.009326         0
    48/299     5.65G   0.04935   0.00749         0   0.05684        10       640    0.1284    0.1485     0.063   0.01065   0.06608  0.009086         0
    49/299     5.65G    0.0528  0.008964         0   0.06176        10       640   0.09735    0.1883   0.05313  0.009297   0.06622  0.009185         0
    50/299     5.67G   0.05588   0.00837         0   0.06425         9       640    0.1079    0.1503   0.05172   0.00999    0.0655  0.009254         0
    51/299     5.68G   0.05356  0.008311         0   0.06187         8       640    0.1603    0.2003    0.0819   0.01648   0.06519  0.009259         0
    52/299     5.68G   0.04901  0.008783         0   0.05779         7       640    0.2171    0.1503    0.0965   0.01992   0.06411  0.009114         0
    53/299     5.68G   0.04966  0.008652         0   0.05831         9       640    0.2176    0.1865    0.1041   0.02189   0.06557  0.009041         0
    54/299     5.68G   0.04918  0.008396         0   0.05758        16       640    0.1594    0.1744   0.07945   0.01421   0.06575  0.009021         0
    55/299     5.68G   0.04986  0.008286         0   0.05814        11       640    0.1846    0.1658   0.09354   0.01835   0.06604  0.008928         0
    56/299     5.68G   0.04905   0.00853         0   0.05758        10       640    0.1625    0.1589   0.08185   0.01682    0.0721  0.007551         0
    57/299     5.68G   0.04811  0.008179         0   0.05629        10       640    0.1343     0.171   0.07252   0.01299   0.06783   0.00921         0
    58/299     5.68G   0.04737  0.008695         0   0.05607        12       640    0.1805    0.1261   0.08048   0.02054    0.0719  0.008554         0
    59/299     5.68G    0.0477  0.007945         0   0.05565        11       640    0.2331    0.1727    0.1131   0.02978    0.0651  0.009116         0
    60/299     5.68G   0.04825  0.008276         0   0.05653         8       640    0.1604    0.1831   0.08176   0.02085   0.06832  0.008796         0
    61/299     5.68G   0.04797  0.008275         0   0.05625        10       640   0.03669    0.1399   0.02042  0.003589   0.09394   0.00507         0
    62/299     5.68G   0.04804  0.007822         0   0.05586         9       640    0.1712    0.2012    0.1068   0.02533   0.06839  0.008728         0
    63/299     5.68G   0.04778  0.008141         0   0.05592         9       640    0.1803     0.169   0.07798   0.01757   0.07081  0.008498         0
    64/299     5.68G   0.04735  0.008662         0   0.05602         7       640    0.1255    0.1468   0.06552   0.01422   0.07404  0.008471         0
    65/299     5.68G   0.04797  0.007858         0   0.05583         9       640   0.00345    0.4577  0.001851 0.0003062   0.09517     1.439         0
    66/299     5.68G   0.05388  0.008131         0   0.06201        12       640  0.004971    0.1693  0.002633 0.0004602   0.08913    0.4758         0
    67/299     5.69G    0.0499  0.008535         0   0.05843        14       640   0.03801    0.1675    0.0145  0.003095   0.09056    0.3349         0
    68/299     5.69G   0.05009  0.008046         0   0.05813        10       640     0.051    0.1192   0.02894  0.005572    0.0923     0.036         0
    69/299     5.69G   0.04793  0.007944         0   0.05587         7       640   0.03872   0.09326   0.02839  0.006311   0.08587   0.02815         0
    70/299     5.69G   0.05077  0.008147         0   0.05892         8       640   0.09968    0.2418   0.06004   0.01176   0.07519  0.007916         0
    71/299     5.69G   0.04428  0.008214         0    0.0525        13       640    0.1622    0.1986   0.09166   0.01876   0.06979   0.00826         0
    72/299     5.69G   0.04679  0.008347         0   0.05514        13       640    0.1679    0.2712    0.1146   0.02526   0.06526  0.008665         0
    73/299     5.69G   0.04282  0.008281         0    0.0511        15       640     0.168    0.3299    0.1267   0.02943   0.06361  0.008896         0
    74/299     5.69G   0.04729  0.008399         0   0.05569         7       640     0.243    0.3299    0.2011   0.05443   0.06191  0.008797         0
    75/299     5.69G   0.04549  0.008075         0   0.05356        12       640    0.3429    0.3333    0.2588   0.07529   0.06257  0.008569         0
    76/299     5.69G   0.04396  0.008065         0   0.05202        11       640    0.3541    0.3731    0.2792   0.07733   0.06317  0.008367         0
    77/299     5.69G   0.04966  0.008943         0    0.0586         8       640    0.3546    0.3212    0.2679   0.06601   0.06128  0.008608         0
    78/299     5.69G   0.04666  0.008479         0   0.05514         9       640    0.2502    0.3765    0.1852   0.04544   0.06333   0.00849         0
    79/299     5.69G   0.04148   0.00877         0   0.05025        11       640    0.1774    0.3523    0.1208   0.02817   0.06092  0.008908         0
    80/299     5.69G   0.04863  0.008262         0   0.05689        10       640    0.2757    0.3679    0.1956     0.052   0.06147  0.008517         0
    81/299     5.69G   0.04399  0.008254         0   0.05225         9       640    0.3023      0.38    0.2214   0.05442   0.06194  0.008477         0
    82/299     5.69G   0.04683  0.008455         0   0.05528         9       640    0.3299    0.2522    0.1888   0.04427   0.06228  0.008543         0
    83/299     5.69G   0.04323  0.008301         0   0.05153        12       640     0.236    0.3333    0.1693   0.04313    0.0635  0.008797         0
    84/299     5.69G   0.04725  0.008085         0   0.05533         8       640    0.2415    0.2988    0.1861   0.05203   0.06263  0.008912         0
    85/299     5.69G   0.04519  0.008417         0   0.05361         8       640    0.4135    0.3454    0.2714   0.07334   0.06206  0.008531         0
    86/299     5.69G   0.04147  0.008377         0   0.04985         8       640    0.3241     0.342    0.2283   0.06033   0.06147  0.008738         0
    87/299     5.69G   0.04549  0.008996         0   0.05449        13       640    0.3169    0.4197    0.2766   0.08118   0.06108  0.008651         0
    88/299     5.69G   0.04313  0.008384         0   0.05151        13       640    0.1989    0.2902    0.1506   0.04386   0.06768  0.007851         0
    89/299     5.69G   0.04698  0.008689         0   0.05567        15       640    0.3628    0.4731    0.3356   0.09862   0.06075  0.008516         0
    90/299     5.69G    0.0423  0.008458         0   0.05076        10       640    0.3275    0.3921    0.2594   0.07453   0.06047  0.008776         0
    91/299     5.69G   0.04402  0.009229         0   0.05325         7       640     0.337    0.4021    0.3013    0.0896   0.06032  0.008612         0
    92/299     5.69G      0.05  0.008898         0    0.0589        10       640    0.3306    0.3898    0.2701   0.07789   0.06044  0.008775         0
    93/299     5.69G   0.04183  0.008828         0   0.05066         9       640    0.3846    0.4802     0.353    0.1042   0.06051  0.008462         0
    94/299     5.69G   0.04488  0.008288         0   0.05316        16       640    0.3913    0.4751    0.3325    0.1042   0.06156  0.008541         0
    95/299     5.69G   0.04022  0.008734         0   0.04895        22       640   0.07441     0.437   0.05425   0.01116   0.07214   0.02899         0
    96/299     5.69G   0.04519  0.009059         0   0.05425        11       640    0.1992    0.2453    0.1005   0.02423   0.07953  0.007681         0
    97/299     5.69G    0.0479  0.008854         0   0.05676         7       640    0.2928    0.2781    0.1927   0.05859   0.07088  0.008133         0
    98/299     5.69G   0.04828   0.00857         0   0.05685         5       640    0.2578    0.3558    0.1862   0.05273   0.06802  0.008448         0
    99/299     5.69G   0.04634  0.008641         0   0.05498        11       640   0.05599    0.3022   0.03771   0.00732   0.07569  0.009613         0
   100/299     5.69G   0.04411  0.009197         0   0.05331        19       640    0.2096    0.2832    0.1302   0.03533   0.07372  0.008445         0
   101/299     5.69G   0.04202  0.008668         0   0.05068         6       640    0.2332    0.2902    0.1635   0.05066   0.06861  0.008302         0
   102/299     5.69G   0.04117  0.009072         0   0.05024         5       640    0.2565    0.3247    0.1931   0.06713   0.06007   0.00911         0
   103/299     5.69G   0.04359  0.008611         0    0.0522         9       640    0.3479    0.3972    0.2905    0.0975   0.05583  0.009005         0
   104/299     5.69G   0.04123  0.009347         0   0.05058        11       640    0.3024    0.4542    0.2719   0.08026   0.05606  0.008778         0
   105/299     5.69G   0.04085  0.008882         0   0.04973        10       640    0.3591     0.418    0.3034   0.09024    0.0574  0.008599         0
   106/299     5.69G   0.04522   0.00931         0   0.05453         8       640     0.346    0.3679    0.2696   0.07277   0.05868  0.008849         0
   107/299     5.69G   0.04313  0.009007         0   0.05214         9       640    0.3967    0.5078    0.3828    0.1158   0.05732  0.008733         0
   108/299     5.69G   0.04104   0.00896         0      0.05         9       640    0.4345    0.4076    0.3357    0.1123   0.05458   0.00894         0
   109/299     5.69G     0.044  0.008828         0   0.05283         8       640     0.339    0.4283    0.2896    0.0898   0.05358  0.009116         0
   110/299     5.62G   0.04214     0.009         0   0.05114        10       640    0.3794    0.4111    0.2732   0.07494   0.05675  0.009149         0
   111/299     5.63G   0.04271  0.009093         0    0.0518        12       640    0.4072    0.4129    0.3253    0.1007   0.05786  0.009033         0
   112/299     5.63G   0.04193   0.00918         0   0.05111         9       640    0.3894    0.3627    0.2942   0.09567   0.05844  0.009007         0
   113/299     5.63G   0.03931  0.008937         0   0.04824        10       640     0.422    0.4888    0.3639    0.1221    0.0574  0.008852         0
   114/299     5.63G   0.04108  0.008691         0   0.04977        10       640    0.3916    0.4732    0.3609     0.121     0.058  0.008932         0
   115/299     5.63G   0.04139  0.008472         0   0.04986        10       640    0.3453    0.4991    0.3269     0.103   0.05616  0.009055         0
   116/299     5.63G   0.03893  0.008963         0   0.04789        10       640    0.3825    0.4611    0.3326    0.1068   0.05799  0.008906         0
   117/299     5.63G    0.0394  0.009054         0   0.04845        10       640    0.3894    0.4577    0.3462    0.1197   0.05929  0.008772         0
   118/299     5.63G   0.03889   0.00879         0   0.04768        11       640    0.3736    0.4585    0.3395    0.1182   0.06145  0.008712         0
   119/299     5.63G   0.04102  0.008966         0   0.04999        12       640    0.4138    0.5194    0.4021    0.1395   0.06033  0.008669         0
   120/299     5.63G   0.04089  0.008839         0   0.04973         8       640    0.4192     0.513    0.3843    0.1272     0.061  0.008585         0
   121/299     5.63G   0.04035  0.008538         0   0.04889        10       640    0.4641    0.4318    0.3879    0.1269   0.06162  0.008755         0
   122/299     5.63G   0.04195  0.009338         0   0.05129         9       640    0.3772    0.4991     0.352    0.1151   0.05914  0.008834         0
   123/299     5.63G   0.03948  0.008965         0   0.04845        10       640    0.4748    0.4093    0.3753    0.1258   0.05803   0.00889         0
   124/299     5.63G   0.03965  0.009065         0   0.04871         7       640    0.4639    0.4155    0.4226    0.1532   0.05655  0.008854         0
   125/299     5.63G   0.03974  0.008888         0   0.04863         8       640    0.3334    0.4162    0.3008    0.1126   0.05696  0.009164         0
   126/299     5.63G    0.0419  0.008902         0    0.0508        12       640    0.3978    0.4249    0.3331    0.1184   0.05606  0.009185         0
   127/299     5.63G   0.04304  0.009182         0   0.05222        13       640    0.4553     0.468    0.3826    0.1308   0.05694  0.008739         0
   128/299     5.63G   0.03907  0.008782         0   0.04785         8       640    0.4388    0.5038    0.3949    0.1331   0.05812  0.008619         0
   129/299     5.63G   0.03886  0.008915         0   0.04778        13       640    0.4731    0.5382    0.4669    0.1564   0.05568  0.008488         0
   130/299     5.63G   0.03516   0.00868         0   0.04384         9       640    0.4589    0.4473    0.3997    0.1423   0.05925  0.009026         0
   131/299     5.63G   0.03889  0.009146         0   0.04803        10       640    0.4083    0.4387    0.3405    0.1258   0.05862  0.009666         0
   132/299     5.63G   0.04188  0.008916         0    0.0508         6       640    0.5031    0.3903    0.3751     0.129   0.05536  0.009221         0
   133/299     5.63G   0.03875  0.009253         0     0.048        13       640    0.5327    0.4318    0.4259    0.1456   0.05143  0.008803         0
   134/299     5.63G   0.04055  0.009029         0   0.04958        16       640    0.4952     0.437    0.4183    0.1445   0.05086  0.008806         0
   135/299     5.63G     0.038  0.009331         0   0.04733        13       640    0.5322    0.4508    0.4369    0.1554    0.0509  0.008776         0
   136/299     5.63G   0.03521  0.008453         0   0.04366         6       640    0.5372    0.4972    0.4771    0.1806   0.05177  0.008641         0
   137/299     5.63G   0.03748  0.009155         0   0.04664        11       640    0.4128    0.4888    0.4154      0.15   0.05471  0.008739         0
   138/299     5.63G   0.03795  0.008836         0   0.04678        16       640     0.539    0.4767    0.4794    0.1799   0.05274  0.008652         0
   139/299     5.63G   0.03831  0.009259         0   0.04756        12       640    0.4941    0.4791    0.4421    0.1632   0.05105  0.008865         0
   140/299     5.63G   0.03554  0.008873         0   0.04441         5       640    0.4526    0.5043    0.4373    0.1549   0.04831  0.008966         0
   141/299     5.63G   0.03727  0.008769         0   0.04604         9       640    0.4734    0.4801    0.4212    0.1481      0.05  0.008858         0
   142/299     5.63G   0.03802  0.008346         0   0.04636        10       640    0.4539    0.4694    0.3984    0.1281   0.05301  0.008922         0
   143/299     5.64G    0.0375   0.00952         0   0.04702        11       640    0.3461    0.4342    0.3204    0.1076   0.05367  0.009109         0
   144/299     5.64G     0.036   0.00939         0   0.04539         9       640    0.4136    0.4801    0.3864    0.1392   0.05112  0.009018         0
   145/299     5.64G   0.03633  0.008464         0    0.0448         7       640    0.4851    0.4849    0.4289    0.1597   0.05053  0.008841         0
   146/299     5.64G   0.03621  0.009194         0   0.04541        12       640    0.4611    0.5616    0.4552    0.1697   0.05037  0.008777         0
   147/299     5.64G   0.03725  0.009244         0    0.0465         6       640    0.4363    0.4974     0.413    0.1464   0.05086  0.008856         0
   148/299     5.64G    0.0398   0.00845         0   0.04825        10       640    0.4412    0.4801    0.4196    0.1547   0.05045  0.008943         0
   149/299     5.64G   0.03689  0.008658         0   0.04555         8       640    0.4146    0.4594    0.3687    0.1371   0.05116  0.008993         0
   150/299     5.64G   0.03478  0.009184         0   0.04397        12       640    0.3646    0.5026    0.3602    0.1328   0.05069  0.009044         0
   151/299     5.64G   0.03257  0.008962         0   0.04153         8       640    0.4858    0.4888    0.4386    0.1624    0.0516  0.008858         0
   152/299     5.64G   0.03592  0.008404         0   0.04432         7       640    0.6234    0.4803    0.5176    0.2003   0.05016  0.008635         0
   153/299     5.64G    0.0349  0.009094         0     0.044        13       640    0.5791    0.5199    0.5241    0.1977   0.04963  0.008512         0
   154/299     5.64G   0.03526  0.008999         0   0.04426        12       640    0.4655    0.4888     0.425    0.1546   0.05001  0.008705         0
   155/299     5.64G   0.03694  0.009292         0   0.04623        14       640      0.49     0.525    0.4718    0.1654   0.05015  0.008685         0
   156/299     5.64G   0.03598  0.008728         0   0.04471         9       640    0.5285    0.5516     0.488    0.1803   0.04907  0.008666         0
   157/299     5.64G   0.03865  0.009211         0   0.04786        18       640    0.4632    0.5492    0.4439    0.1667   0.04877  0.008594         0
   158/299     5.64G   0.03661  0.009343         0   0.04595         5       640    0.3398    0.5717    0.3668    0.1327   0.05003  0.008676         0
   159/299     5.64G    0.0351  0.008603         0    0.0437         9       640    0.4256    0.5164    0.3969    0.1435   0.04997  0.008719         0
   160/299     5.64G   0.03781  0.008785         0   0.04659         8       640    0.4725    0.5152    0.4472    0.1593   0.05025  0.008637         0
   161/299     5.64G   0.03344  0.008761         0    0.0422        13       640    0.4674     0.544    0.4687    0.1671   0.05003  0.008637         0
   162/299     5.64G   0.03751  0.008604         0   0.04612        10       640    0.5076    0.4922    0.4707    0.1693   0.04975  0.008672         0
   163/299     5.64G   0.03203  0.008858         0   0.04089        11       640    0.4926    0.4711    0.4473    0.1645   0.04934  0.008767         0
   164/299     5.64G   0.03377  0.008968         0   0.04274         9       640    0.4367    0.5436    0.4509    0.1651    0.0494  0.008709         0
   165/299     5.64G   0.03669   0.00866         0   0.04535        10       640    0.4697    0.5665    0.4768     0.171   0.05009  0.008642         0
   166/299     5.64G   0.03612  0.008661         0   0.04478         5       640    0.5376    0.5181     0.497    0.1772   0.05091  0.008665         0
   167/299     5.64G   0.04053  0.008916         0   0.04945        18       640    0.5109    0.5613    0.5124    0.1964   0.05098  0.008496         0
   168/299     5.64G     0.035  0.008685         0   0.04368         9       640    0.5859     0.506    0.5175    0.2011   0.05098  0.008464         0
   169/299     5.64G   0.03575  0.008743         0   0.04449         9       640    0.5721     0.513     0.512    0.1973   0.05201  0.008455         0
   170/299     5.64G   0.03724  0.008732         0   0.04597        19       640    0.6553    0.5389    0.5583     0.216   0.05213  0.008359         0
   171/299     5.64G   0.03391   0.00911         0   0.04302        10       640    0.6152    0.5301    0.5345    0.2047   0.05254  0.008459         0
   172/299     5.64G   0.03545  0.008396         0   0.04384        11       640    0.5817    0.5573    0.5436    0.2073   0.05266  0.008479         0
   173/299     5.64G   0.03296  0.009047         0     0.042        11       640    0.5903    0.5475    0.5594     0.221   0.05205  0.008489         0
   174/299     5.64G   0.03329   0.00854         0   0.04183         8       640    0.6022    0.5229    0.5445    0.2273    0.0509  0.008461         0
   175/299     5.64G   0.03728  0.009031         0   0.04631         9       640    0.6225     0.525    0.5413     0.222   0.05072  0.008459         0
   176/299     5.64G   0.03219  0.009074         0   0.04127        10       640    0.5553    0.5803    0.5262    0.2136   0.04965  0.008606         0
   177/299     5.64G   0.03556   0.00909         0   0.04465        10       640    0.5701    0.5544     0.522    0.2099   0.04988  0.008679         0
   178/299     5.64G   0.03461  0.008847         0   0.04346        10       640    0.5358    0.5682    0.5182    0.2065   0.05058  0.008636         0
   179/299     5.64G   0.03583   0.00859         0   0.04442         6       640     0.643    0.5527     0.584    0.2355   0.05113  0.008475         0
   180/299     5.64G   0.03247  0.008675         0   0.04115        13       640    0.6509    0.5164     0.564    0.2272    0.0533   0.00845         0
   181/299     5.64G   0.03365  0.009089         0   0.04274         8       640    0.6004    0.5215    0.5266    0.2024   0.05433  0.008544         0
   182/299     5.64G   0.03345  0.008732         0   0.04219         9       640    0.5916     0.525    0.5449    0.2066   0.05375  0.008644         0
   183/299     5.64G   0.03419  0.008352         0   0.04254        12       640    0.5816    0.4715    0.4898    0.1829    0.0547  0.008715         0
   184/299     5.64G   0.03598  0.008386         0   0.04437         7       640    0.5968    0.6166    0.5965    0.2382   0.05253  0.008485         0
   185/299     5.64G   0.03176  0.008897         0   0.04066        11       640    0.6003    0.6121    0.5803     0.229   0.05128   0.00844         0
   186/299     5.64G   0.03424  0.008329         0   0.04257         6       640    0.5628    0.6028    0.5465    0.2184   0.05154  0.008494         0
   187/299     5.64G   0.02974  0.008654         0   0.03839         9       640    0.6245    0.5976     0.593    0.2465   0.05047  0.008439         0
   188/299     5.64G   0.03134  0.008458         0    0.0398         9       640    0.6099    0.5872    0.5839    0.2409   0.05061  0.008467         0
   189/299     5.64G   0.03474  0.008338         0   0.04307         8       640     0.578    0.5337    0.5203    0.2051   0.05168  0.008624         0
   190/299     5.64G   0.03214   0.00843         0   0.04057        12       640    0.6328    0.6114    0.5948    0.2484   0.05134   0.00834         0
   191/299     5.64G   0.03322  0.008989         0   0.04221         8       640    0.6189    0.5959    0.5921    0.2431   0.05085  0.008447         0
   192/299     5.64G   0.03119  0.008664         0   0.03985        12       640    0.6615    0.5544    0.5913    0.2453   0.05105  0.008414         0
   193/299     5.64G   0.03161  0.008277         0   0.03988         9       640      0.59     0.563    0.5602      0.23   0.05151  0.008405         0
   194/299     5.64G   0.03414  0.008539         0   0.04268        11       640    0.4742    0.6105    0.5063    0.2022   0.05163  0.008541         0
   195/299     5.64G   0.03736  0.008445         0    0.0458        13       640    0.6059    0.5371    0.5665    0.2272   0.05053  0.008501         0
   196/299     5.64G   0.03241  0.008594         0     0.041         9       640    0.6607    0.5381    0.6008     0.242   0.05014  0.008429         0
   197/299     5.64G    0.0352  0.008652         0   0.04385         7       640    0.6608    0.5354    0.5933    0.2451   0.05118  0.008375         0
   198/299     5.64G    0.0316  0.008346         0   0.03994        11       640    0.6709    0.5316    0.5723    0.2402   0.05121  0.008387         0
   199/299     5.64G   0.03551  0.008694         0    0.0442        13       640    0.6552    0.5596    0.6065    0.2446   0.05069  0.008293         0
   200/299     5.64G   0.03608   0.00835         0   0.04443        10       640    0.6116    0.6408    0.6347    0.2653    0.0508  0.008169         0
   201/299     5.64G   0.03365  0.009196         0   0.04284        12       640    0.6795    0.5786    0.6295    0.2595   0.05048  0.008243         0
   202/299     5.64G   0.03213  0.008736         0   0.04087        10       640     0.645    0.5665    0.5917    0.2458   0.04973  0.008361         0
   203/299     5.64G   0.03199  0.008317         0    0.0403         9       640    0.6445    0.6028    0.6151    0.2619   0.04919  0.008313         0
   204/299     5.64G    0.0305  0.008532         0   0.03903         9       640    0.6968    0.5648    0.6202    0.2689    0.0494  0.008272         0
   205/299     5.64G   0.03265  0.008353         0     0.041         8       640    0.6269    0.5976    0.6063    0.2615   0.04986  0.008244         0
   206/299     5.64G   0.03155  0.008298         0   0.03985         9       640    0.6618     0.544    0.5692    0.2402    0.0502  0.008388         0
   207/299     5.64G   0.03266  0.008308         0   0.04097        18       640    0.6111    0.5672    0.5749    0.2489   0.04983  0.008354         0
   208/299     5.64G   0.03188  0.008546         0   0.04042         8       640    0.6334    0.5976    0.6012    0.2678   0.04958  0.008286         0
   209/299     5.64G   0.03089  0.008511         0    0.0394        12       640    0.6785    0.5838    0.6219    0.2711   0.04972  0.008288         0
   210/299     5.66G   0.03188  0.008516         0   0.04039        12       640    0.6778    0.5887    0.6256    0.2725   0.04913  0.008244         0
   211/299     5.66G    0.0298  0.008739         0   0.03854        11       640    0.6831    0.5786    0.6131     0.265   0.04888  0.008363         0
   212/299     5.66G   0.03337  0.009024         0   0.04239        13       640    0.6374    0.5872    0.5953    0.2627   0.04923  0.008366         0
   213/299     5.66G   0.03069  0.008544         0   0.03923        17       640    0.6343    0.5941    0.6074    0.2673   0.04954   0.00834         0
   214/299     5.66G   0.03151   0.00848         0   0.03999        13       640    0.7207    0.5838    0.6403    0.2806   0.04957   0.00831         0
   215/299     5.66G    0.0346  0.008584         0   0.04318        10       640    0.6782    0.6131    0.6307    0.2773   0.04922  0.008307         0
   216/299     5.66G   0.02974  0.008524         0   0.03826        11       640    0.6318    0.6304    0.6122    0.2688   0.04874   0.00839         0
   217/299     5.66G   0.03211  0.008359         0   0.04047         7       640    0.6349    0.5717    0.5934    0.2613   0.04932  0.008473         0
   218/299     5.66G   0.03584  0.008233         0   0.04408         6       640    0.7037    0.5389    0.6025    0.2636   0.04995  0.008429         0
   219/299     5.66G   0.03183  0.008716         0   0.04054         8       640    0.6722    0.5803    0.6175    0.2753   0.04997  0.008302         0
   220/299     5.66G   0.03354   0.00897         0   0.04251         9       640    0.6807    0.6269    0.6476     0.287   0.04988   0.00827         0
   221/299     5.66G   0.03512   0.00892         0   0.04404        10       640    0.7286    0.6026    0.6437    0.2871   0.05006  0.008325         0
   222/299     5.66G    0.0311  0.008685         0   0.03978        11       640    0.7438    0.5769    0.6441     0.289   0.05017  0.008346         0
   223/299     5.66G   0.03134  0.008643         0   0.03999        11       640    0.7005    0.6149    0.6538    0.2904   0.05045  0.008328         0
   224/299     5.66G    0.0345  0.008844         0   0.04335         6       640    0.7885    0.5682    0.6696    0.3024   0.05056  0.008266         0
   225/299     5.66G   0.03499  0.008345         0   0.04333        10       640    0.6791    0.6218    0.6596    0.3008    0.0505  0.008272         0
   226/299     5.66G    0.0353  0.008618         0   0.04392        10       640     0.693    0.5699    0.6332    0.2873   0.05062  0.008299         0
   227/299     5.66G   0.03354  0.008498         0   0.04204        11       640    0.7279    0.5729    0.6448    0.2966   0.05048  0.008242         0
   228/299     5.66G   0.03099  0.008198         0   0.03919        10       640    0.7224    0.5941    0.6664    0.3015   0.05061  0.008261         0
   229/299     5.66G   0.03462  0.008764         0   0.04339        18       640    0.7321    0.5907    0.6676    0.3024   0.05098  0.008177         0
   230/299     5.66G   0.02901  0.008639         0   0.03765         8       640    0.6722    0.6528     0.672    0.3062   0.05091  0.008124         0
   231/299     5.66G   0.03227  0.008759         0   0.04103        12       640    0.6442    0.6183    0.6388    0.2818   0.05132  0.008188         0
   232/299     5.66G   0.02972  0.008621         0   0.03834        10       640     0.654    0.6408    0.6534    0.2834   0.05173   0.00816         0
   233/299     5.66G   0.03301  0.008899         0   0.04191        11       640    0.6678    0.6615     0.669    0.2915   0.05194  0.008069         0
   234/299     5.66G   0.03227  0.008842         0   0.04112        11       640    0.6404    0.6321    0.6439    0.2799   0.05151  0.008115         0
   235/299     5.66G   0.03111  0.008968         0   0.04008        10       640    0.5999    0.6422    0.6242    0.2704   0.05134  0.008232         0
   236/299     5.66G   0.02935  0.008395         0   0.03775        11       640    0.6092    0.6321    0.6394    0.2798   0.05077  0.008351         0
   237/299     5.66G   0.02969   0.00797         0   0.03766         6       640    0.6549    0.6161    0.6523    0.2952   0.05066  0.008321         0
   238/299     5.66G   0.03175  0.008287         0   0.04004         8       640    0.6594    0.6385    0.6477    0.2951   0.05029  0.008298         0
   239/299     5.66G   0.02968  0.007736         0   0.03741         5       640    0.6818    0.5883    0.6395    0.2883   0.05057  0.008254         0
   240/299     5.66G   0.03103  0.008882         0   0.03991         9       640    0.6757     0.583    0.6438    0.2911   0.05112  0.008215         0
   241/299     5.66G   0.03235  0.008545         0    0.0409         5       640    0.6343    0.6235     0.634    0.2903   0.05065  0.008189         0
   242/299     5.66G   0.03212  0.008154         0   0.04028        10       640    0.6982      0.62    0.6653    0.3181   0.05057  0.008098         0
   243/299     5.66G   0.02885  0.008165         0   0.03702         7       640    0.7047    0.6287    0.6697    0.3185   0.05062  0.008074         0
   244/299     5.66G   0.03545  0.008268         0   0.04372        11       640    0.6625    0.6235    0.6396    0.2985   0.05064   0.00823         0
   245/299     5.66G   0.03164  0.008869         0   0.04051        12       640    0.6829    0.6269    0.6467    0.3011   0.05029  0.008232         0
   246/299     5.66G   0.02942  0.008514         0   0.03793         9       640    0.6776    0.6459    0.6456    0.3013   0.04989  0.008149         0
   247/299     5.66G   0.03023  0.008269         0    0.0385        13       640    0.7226    0.6614    0.6802    0.3264   0.04968   0.00805         0
   248/299     5.66G   0.03161  0.008695         0   0.04031         9       640    0.7243    0.6494    0.6857    0.3307   0.05021  0.008073         0
   249/299     5.66G   0.03044  0.008445         0   0.03888        11       640    0.6811    0.6344    0.6587    0.3144   0.05104  0.008117         0
   250/299     5.66G   0.02985  0.007928         0   0.03778        13       640     0.653    0.6175    0.6339    0.2977   0.05142  0.008185         0
   251/299     5.66G   0.03103  0.008959         0   0.03999        12       640    0.7127     0.639    0.6739    0.3131   0.05061  0.008221         0
   252/299     5.66G   0.02957  0.008096         0   0.03767         8       640    0.6966    0.6615    0.6866     0.317   0.05052  0.008228         0
   253/299     5.66G   0.03016  0.008051         0   0.03821        14       640    0.7044    0.6502    0.6817    0.3124   0.05071  0.008217         0
   254/299     5.66G   0.02985  0.008342         0   0.03819        10       640    0.7181    0.6477    0.6807    0.3127   0.05111  0.008226         0
   255/299     5.66G   0.03087  0.008696         0   0.03956         9       640    0.6997     0.652    0.6875    0.3213   0.05109  0.008144         0
   256/299     5.66G   0.02972  0.008316         0   0.03804        12       640    0.7283    0.6388    0.6936    0.3255   0.05099  0.008159         0
   257/299     5.66G   0.02991  0.008321         0   0.03823         6       640    0.7314    0.6269    0.6795    0.3157   0.05113  0.008157         0
   258/299     5.66G   0.03207  0.008298         0   0.04037        12       640    0.7129     0.639    0.6713    0.3134    0.0508  0.008106         0
   259/299     5.66G   0.02637  0.008195         0   0.03457        11       640    0.7289    0.6269     0.677    0.3193   0.05079  0.008037         0
   260/299     5.66G   0.02799  0.008579         0   0.03657        12       640    0.6924    0.6891    0.7035    0.3379   0.05074  0.008041         0
   261/299     5.66G   0.03005  0.008306         0   0.03835         9       640    0.7166    0.6814    0.7217    0.3377   0.05076  0.008054         0
   262/299     5.66G   0.02888   0.00836         0   0.03724        11       640    0.7408    0.6373    0.7047    0.3222   0.05088  0.008063         0
   263/299     5.66G   0.03172  0.008701         0   0.04042        10       640    0.6903     0.639    0.6733     0.313   0.05096  0.008127         0
   264/299     5.66G   0.02994  0.008791         0   0.03873        10       640    0.6365    0.6753    0.6558    0.3054   0.05081   0.00817         0
   265/299     5.66G    0.0323  0.008902         0    0.0412         4       640    0.6647     0.671     0.666     0.309   0.05022  0.008165         0
   266/299     5.66G    0.0298   0.00837         0   0.03817        11       640    0.6927    0.6425    0.6705    0.3117   0.05031  0.008098         0
   267/299     5.66G    0.0302  0.008407         0    0.0386        22       640    0.6872    0.6451    0.6787    0.3184   0.05041  0.008063         0
   268/299     5.66G   0.03087  0.008182         0   0.03906        10       640    0.6963    0.6718    0.6998    0.3257   0.05031  0.008066         0
   269/299     5.66G   0.02904  0.008271         0   0.03732        13       640     0.674    0.6891    0.6917    0.3187   0.05046  0.008067         0
   270/299     5.66G   0.03151   0.00876         0   0.04027         9       640    0.6666    0.6753    0.6804     0.305   0.05096  0.008071         0
   271/299     5.66G   0.03097  0.008418         0   0.03939        11       640    0.6979    0.6545    0.6835    0.3107   0.05079  0.008113         0
   272/299     5.66G   0.02906  0.008576         0   0.03763        15       640    0.6964    0.6816    0.6994    0.3218   0.05051  0.008094         0
   273/299     5.66G   0.02748  0.008357         0   0.03583        12       640     0.735    0.6598    0.6889    0.3245   0.05023  0.008042         0
   274/299     5.66G   0.02854  0.008043         0   0.03659         5       640    0.7302    0.6736    0.6949    0.3329    0.0504  0.008015         0
   275/299     5.66G   0.02906  0.008355         0   0.03742        10       640     0.726    0.6683    0.6966    0.3336   0.05059  0.008036         0
   276/299     5.66G   0.02955  0.007982         0   0.03753         6       640     0.732    0.6632    0.6964    0.3328   0.05075  0.008059         0
   277/299     5.66G   0.02952  0.008437         0   0.03796         5       640    0.6917     0.677    0.6862    0.3308   0.05038  0.008134         0
   278/299     5.66G   0.02902  0.008404         0   0.03743        17       640    0.7349    0.6511    0.6959    0.3415      0.05  0.008097         0
   279/299     5.66G    0.0276  0.008056         0   0.03566         7       640    0.7192    0.6724    0.7013    0.3436   0.05004  0.008074         0
   280/299     5.66G   0.03053  0.008573         0    0.0391        13       640     0.691    0.6684    0.6961    0.3413   0.05005  0.008075         0
   281/299     5.66G   0.02623  0.007715         0   0.03395         7       640    0.6979    0.6477    0.6838    0.3379   0.05008  0.008074         0
   282/299     5.66G   0.03233  0.008511         0   0.04084         8       640    0.6744    0.6805    0.6869     0.337   0.05012  0.008061         0
   283/299     5.66G   0.02582  0.008296         0   0.03412        11       640    0.7241    0.6528     0.692    0.3361      0.05    0.0081         0
   284/299     5.66G   0.03024  0.008129         0   0.03837         8       640    0.6506    0.7012    0.6815    0.3304   0.04992  0.008165         0
   285/299     5.66G   0.02942  0.008415         0   0.03783         9       640    0.6763    0.6675     0.685    0.3295   0.04991  0.008156         0
   286/299     5.66G   0.03085  0.008511         0   0.03936         8       640     0.707    0.6494    0.6873    0.3355   0.05016  0.008123         0
   287/299     5.66G   0.02874  0.008513         0   0.03725        11       640    0.7494    0.6611    0.7166     0.351   0.05028   0.00806         0
   288/299     5.66G   0.02738   0.00852         0    0.0359        26       640    0.7758    0.6477    0.7201    0.3543   0.05033  0.008038         0
   289/299     5.66G   0.03274  0.008416         0   0.04115        10       640    0.7033    0.6839     0.701    0.3417   0.05023   0.00813         0
   290/299     5.66G    0.0308  0.008368         0   0.03917        13       640    0.6959    0.6718    0.7032     0.345   0.05015  0.008086         0
   291/299     5.66G   0.02861  0.008589         0    0.0372        14       640    0.7065    0.6652    0.7062    0.3527   0.05003  0.008038         0
   292/299     5.66G   0.02774  0.008295         0   0.03603        12       640    0.6886    0.6788    0.7056    0.3512   0.05001  0.008015         0
   293/299     5.66G    0.0278  0.008358         0   0.03615        11       640    0.7711    0.6321    0.7144    0.3536   0.04992  0.008014         0
   294/299     5.66G   0.02704  0.008244         0   0.03529        11       640     0.738    0.6546     0.699    0.3423   0.04983  0.008077         0
   295/299     5.66G   0.02865   0.00845         0    0.0371        13       640     0.702    0.6459    0.6798    0.3337   0.05014  0.008127         0
   296/299     5.66G   0.02969  0.008342         0   0.03803        13       640    0.7185    0.6436    0.6886    0.3402   0.04984  0.008142         0
   297/299     5.66G   0.03035  0.008244         0   0.03859         9       640    0.6927     0.658    0.6925    0.3424   0.04977  0.008187         0
   298/299     5.66G   0.03142  0.008137         0   0.03956         8       640    0.7442    0.6282    0.6887    0.3429   0.04987  0.008186         0
   299/299     5.66G   0.03074  0.008639         0   0.03938        17       640    0.7545    0.6546    0.7036    0.3516   0.04989  0.008138         0
