     0/499     2.26G   0.06099   0.01972         0   0.08071        10       640  0.003798    0.7409  0.009337  0.001255   0.07375   0.01655         0
     1/499     5.63G   0.05935   0.01547         0   0.07482         9       640  0.009995    0.6166  0.007429 0.0009349   0.06864   0.01519         0
     2/499     5.67G   0.05803   0.01397         0     0.072         3       640   0.01488    0.5371  0.009769  0.001425   0.06663    0.0141         0
     3/499      5.7G   0.05882   0.01287         0   0.07169        13       640   0.03233   0.02245  0.006282  0.001133   0.06541   0.01296         0
     4/499     5.71G   0.05649   0.01181         0    0.0683         7       640   0.02047   0.03454  0.006689  0.001284   0.06501   0.01221         0
     5/499     4.86G   0.05658   0.01124         0   0.06782        11       640    0.0111   0.05354  0.004831 0.0006873   0.06627   0.01148         0
     6/499     5.63G   0.05894   0.01116         0    0.0701        12       640  0.007893   0.07254  0.005256 0.0007775    0.0631   0.01135         0
     7/499     5.64G   0.05693   0.01092         0   0.06785         8       640  0.006235    0.1054  0.003877 0.0006319   0.06259   0.01101         0
     8/499     5.64G   0.05736   0.01084         0    0.0682        12       640  0.006258    0.2107  0.004929  0.000765   0.06338   0.01046         0
     9/499     5.67G   0.05582   0.01009         0   0.06591        13       640   0.02236  0.006908  0.004858 0.0007059   0.06069   0.01072         0
    10/499     5.63G   0.05624   0.01015         0   0.06639         6       640   0.01115   0.08981  0.007615  0.001455   0.06112   0.01056         0
    11/499     5.64G   0.05465  0.009517         0   0.06417         9       640   0.03157   0.02936   0.01471  0.002605   0.06191   0.01035         0
    12/499     5.67G   0.05798  0.009281         0   0.06726         6       640   0.01042   0.09154   0.01044  0.001617   0.06217   0.01024         0
    13/499     5.67G     0.056  0.009849         0   0.06585         5       640   0.01332   0.05527  0.006275 0.0008501   0.06331   0.01009         0
    14/499     5.68G   0.05752  0.009248         0   0.06677         5       640  0.004933    0.7254  0.006048 0.0008655   0.06635  0.009806         0
    15/499     5.64G   0.05562  0.008779         0    0.0644         8       640    0.0035    0.7427  0.005644 0.0007618   0.06629   0.01512         0
    16/499     5.64G   0.05595  0.009447         0   0.06539        11       640   0.01869   0.04318   0.01535  0.002259   0.06348  0.009872         0
    17/499     5.64G   0.05837  0.009203         0   0.06758        10       640   0.01529     0.114  0.008957  0.001404   0.06369   0.01016         0
    18/499     5.64G   0.05672  0.009475         0   0.06619         8       640    0.0217    0.1019    0.0115  0.001661   0.06365   0.01004         0
    19/499     5.64G   0.05541  0.009343         0   0.06475         7       640   0.02885     0.228   0.01656  0.002236   0.06295   0.00984         0
    20/499     5.64G   0.05582  0.009389         0   0.06521        10       640   0.02933    0.2332   0.01413  0.001861   0.06281   0.01004         0
    21/499     5.64G   0.05558  0.009511         0   0.06509        15       640   0.01762    0.2021  0.008932  0.001236   0.06482   0.01141         0
    22/499     5.64G    0.0557  0.009709         0   0.06541        16       640   0.01231    0.2712  0.005331 0.0008102   0.06365  0.009682         0
    23/499     5.64G   0.05889  0.008576         0   0.06747        10       640   0.01932   0.06736  0.008603  0.001063   0.06325  0.009914         0
    24/499     5.64G   0.05472  0.009186         0   0.06391        10       640   0.03381    0.1883   0.01978  0.003113   0.09047   0.01457         0
    25/499     5.64G   0.05524  0.009305         0   0.06454         8       640   0.01829    0.3402   0.01059  0.001418   0.09113   0.02382         0
    26/499     5.64G   0.05383  0.008977         0   0.06281         7       640   0.05035    0.1503   0.01985  0.003032   0.08403  0.005567         0
    27/499     5.64G   0.05289  0.008178         0   0.06107         5       640    0.1713     0.342    0.1281     0.023   0.06264  0.009777         0
    28/499     5.64G   0.05747  0.008478         0   0.06595         8       640  0.003158   0.06736 0.0005611 8.002e-05   0.09334   0.01658         0
    29/499     5.64G   0.05755   0.00949         0   0.06704         8       640   0.06332   0.05699   0.01173  0.001731   0.08557   0.01077         0
    30/499     5.64G   0.05398  0.008602         0   0.06259        13       640   0.07556    0.3362   0.04154  0.006745    0.0769  0.006528         0
    31/499     5.64G   0.05867   0.00864         0   0.06731         9       640   0.03434    0.1382    0.0125  0.001888   0.08784  0.006939         0
    32/499     5.64G   0.05309  0.009156         0   0.06225        12       640   0.02961    0.3282   0.01742  0.002974   0.09079    0.1278         0
    33/499     5.64G   0.05472  0.008921         0   0.06364         6       640   0.08127    0.2366   0.03943  0.005766   0.08764  0.006038         0
    34/499     5.64G   0.05412    0.0088         0   0.06292         7       640   0.01657    0.1019   0.01034  0.001519   0.07328   0.01019         0
    35/499     5.64G   0.05296  0.009181         0   0.06214        12       640   0.06152    0.1192   0.02799   0.00459   0.06527  0.009048         0
    36/499     5.64G   0.05311  0.009036         0   0.06215         8       640   0.08449    0.1088   0.03044  0.004751    0.0633  0.009241         0
    37/499     5.64G   0.04898  0.008649         0   0.05763        17       640   0.05585     0.152   0.03043  0.004446   0.06489  0.009291         0
    38/499     5.64G   0.05321  0.008639         0   0.06185         6       640   0.06206    0.1347   0.03316  0.004838   0.06285  0.009713         0
    39/499     5.64G   0.05115   0.00845         0    0.0596        10       640    0.1468    0.1485   0.06679   0.01109   0.06428  0.009642         0
    40/499     5.64G   0.05066  0.008877         0   0.05954         8       640   0.09459    0.2193   0.05723  0.009232   0.06472  0.009459         0
    41/499     5.64G   0.05359  0.009218         0   0.06281        15       640   0.07182    0.1416   0.03773  0.005369   0.06464  0.009667         0
    42/499     5.64G   0.05247  0.009022         0   0.06149        19       640   0.08899    0.1503   0.04459   0.00673    0.0662  0.009163         0
    43/499     5.64G   0.05214  0.008265         0    0.0604         9       640    0.1305    0.2642   0.07984   0.01495   0.06529    0.0093         0
    44/499     5.64G   0.05435  0.009149         0   0.06349        12       640   0.07186    0.1796   0.03973  0.005888   0.06495  0.009481         0
    45/499     5.64G   0.05188  0.008633         0   0.06052        10       640   0.06197    0.1364   0.03147  0.004812   0.06518  0.009562         0
    46/499     5.64G   0.05342   0.00856         0   0.06198         5       640   0.09234    0.1762   0.04478  0.007977   0.06394  0.009514         0
    47/499     5.64G   0.05554  0.009041         0   0.06458        11       640    0.1526    0.1399   0.05983  0.009906   0.06277  0.009457         0
    48/499     5.64G   0.05036  0.007828         0   0.05819        10       640   0.06652    0.1883   0.03865  0.007508   0.06183  0.009726         0
    49/499     5.64G   0.05328  0.009281         0   0.06256        10       640   0.05864    0.1382   0.02978  0.004595   0.06307   0.00971         0
    50/499     5.64G   0.05411  0.008413         0   0.06252         9       640   0.08688    0.1952   0.05512  0.009254   0.06447  0.009392         0
    51/499     5.64G   0.05105  0.008591         0   0.05964         8       640    0.1175    0.1589   0.06427   0.01067    0.0648  0.009387         0
    52/499     5.64G   0.05011  0.008913         0   0.05903         7       640    0.1272    0.1261   0.05515  0.008935   0.06542  0.009619         0
    53/499     5.64G   0.05076   0.00918         0   0.05994         9       640   0.08248    0.1744   0.04944  0.007974   0.06576  0.009647         0
    54/499     5.64G   0.05322  0.008956         0   0.06218        16       640    0.1221    0.2356   0.07901   0.01415    0.0636  0.009331         0
    55/499     5.64G     0.053  0.008537         0   0.06154        11       640    0.1119    0.2383   0.07163   0.01366   0.06203  0.009227         0
    56/499     5.64G   0.05103  0.008723         0   0.05975        10       640   0.09246    0.1623   0.04654  0.008163   0.05974   0.00948         0
    57/499     5.64G   0.05172  0.008607         0   0.06033        10       640    0.1347    0.2038   0.07577   0.01287   0.06004  0.009326         0
    58/499     5.64G   0.05033  0.009295         0   0.05962        12       640    0.1017    0.2435   0.05483  0.009728   0.06002  0.009394         0
    59/499     5.64G   0.05068  0.008594         0   0.05927        11       640     0.113    0.1727    0.0541  0.009456   0.06099  0.009709         0
    60/499     5.64G   0.04931  0.008794         0   0.05811         8       640    0.1227    0.1834   0.06259   0.01136   0.06101  0.009816         0
    61/499     5.64G    0.0499     0.009         0    0.0589        10       640    0.1145    0.1174   0.03727  0.006214   0.06148   0.00969         0
    62/499     5.64G   0.05164  0.008678         0   0.06032         9       640    0.1383    0.1606    0.0634   0.01106    0.0608   0.00961         0
    63/499     5.64G    0.0479  0.008885         0   0.05678         9       640    0.1441    0.2314   0.07663   0.01362   0.06074  0.009566         0
    64/499     5.64G   0.05091   0.00962         0   0.06053         7       640    0.1321    0.1865   0.05813  0.009945   0.06323  0.009571         0
    65/499     5.64G   0.05062  0.008608         0   0.05923         9       640    0.1445    0.2073   0.07118   0.01267   0.06093  0.009635         0
    66/499     5.64G   0.05315  0.008878         0   0.06203        12       640    0.1213    0.2401   0.07631   0.01486   0.05932   0.00976         0
    67/499     5.64G   0.05231  0.009115         0   0.06143        14       640    0.2019    0.1831   0.09887   0.01994   0.05812  0.009701         0
    68/499     5.64G   0.05031  0.008687         0     0.059        10       640    0.1317    0.2556   0.09018   0.01671   0.05833  0.009655         0
    69/499     5.64G   0.04762  0.008894         0   0.05651         7       640    0.1073    0.2055   0.05298  0.009303   0.06144  0.009514         0
    70/499     5.64G    0.0515  0.008918         0   0.06042         8       640    0.1176     0.208   0.05694  0.009828    0.0621  0.009772         0
    71/499     5.64G   0.04525  0.008871         0   0.05412        13       640     0.105    0.2021   0.05628   0.01029   0.06018   0.01122         0
    72/499     5.64G   0.04927  0.008946         0   0.05822        13       640    0.1146    0.2124   0.05704   0.01015   0.05971   0.01144         0
    73/499     5.64G   0.04854  0.009065         0    0.0576        15       640    0.1296    0.2142   0.06228   0.01152   0.06073   0.01045         0
    74/499     5.64G    0.0497   0.00875         0   0.05845         7       640    0.1354    0.2401   0.07607   0.01598   0.06072   0.01001         0
    75/499     5.64G   0.05004   0.00857         0   0.05861        12       640     0.109    0.3178   0.06735   0.01287   0.05997  0.009966         0
    76/499     5.64G   0.04748  0.008688         0   0.05617        11       640    0.1607    0.2902   0.08543   0.01769     0.058  0.009505         0
    77/499     5.64G   0.04724  0.009446         0   0.05669         8       640    0.1392    0.2504   0.07558   0.01496   0.05671  0.009755         0
    78/499     5.64G   0.04976  0.008796         0   0.05856         9       640    0.1708    0.2487   0.09906   0.02281   0.05561  0.009518         0
    79/499     5.64G   0.04483  0.009373         0    0.0542        11       640    0.1933    0.1848   0.09886   0.02359   0.05775  0.009391         0
    80/499     5.64G   0.04948  0.008691         0   0.05817        10       640    0.1761    0.2034    0.1055   0.02761   0.05909   0.00927         0
    81/499     5.64G    0.0485  0.008694         0   0.05719         9       640    0.1227    0.3065    0.0767   0.01676   0.06115  0.009921         0
    82/499     5.64G   0.04719  0.009037         0   0.05622         9       640   0.07015    0.4732   0.05048   0.01178    0.0601   0.02326         0
    83/499     5.64G   0.04618  0.008855         0   0.05503        12       640    0.1154    0.4542   0.08138   0.02173   0.05942   0.01076         0
    84/499     5.64G   0.05084  0.008587         0   0.05943         8       640    0.1835    0.2297    0.1168    0.0326   0.06199  0.009288         0
    85/499     5.64G   0.04713  0.008661         0   0.05579         8       640    0.1834    0.2971    0.1428   0.03437   0.06394  0.009001         0
    86/499     5.64G   0.04471  0.008699         0   0.05341         8       640    0.1444    0.2453   0.09874    0.0207   0.06337  0.009307         0
    87/499     5.64G   0.04606   0.00942         0   0.05548        13       640    0.1784    0.3264    0.1341   0.03311   0.06109  0.009395         0
    88/499     5.64G   0.04349  0.008701         0   0.05219        13       640     0.259    0.3955    0.2129   0.05736   0.06058   0.00908         0
    89/499     5.64G   0.04998  0.009075         0   0.05906        15       640    0.3198    0.3661    0.2042    0.0571   0.06052  0.009694         0
    90/499     5.64G   0.04527  0.008689         0   0.05396        10       640    0.2058    0.3333    0.1575   0.04284   0.05929  0.009309         0
    91/499     5.64G   0.04608  0.009626         0   0.05571         7       640    0.1888    0.2936    0.1495   0.04018    0.0597  0.009263         0
    92/499     5.64G   0.04625  0.009249         0    0.0555        10       640     0.195    0.3731     0.154   0.04072   0.05939  0.009144         0
    93/499     5.64G   0.04313  0.009094         0   0.05223         9       640    0.2932    0.4285    0.2206   0.06491   0.05869  0.009029         0
    94/499     5.64G   0.04472  0.008589         0   0.05331        16       640    0.1348     0.456   0.09569   0.02705   0.05946  0.009873         0
    95/499     5.64G   0.04192  0.008934         0   0.05085        22       640    0.2532     0.418    0.1655    0.0452   0.05878  0.008958         0
    96/499     5.64G   0.04337  0.009332         0    0.0527        11       640    0.3299    0.3843    0.2377   0.06668   0.05932  0.008982         0
    97/499     5.64G   0.04745  0.009154         0    0.0566         7       640    0.2369    0.3437    0.1549   0.03973   0.06233  0.009122         0
    98/499     5.64G   0.04866   0.00875         0   0.05741         5       640    0.1966    0.3679    0.1478    0.0388   0.06168  0.009206         0
    99/499     5.64G   0.04458  0.008649         0   0.05322        11       640    0.2586     0.342    0.1764    0.0456   0.06054  0.009079         0
   100/499     5.64G   0.04449  0.009319         0   0.05381        19       640     0.285    0.3765    0.2446   0.06908   0.06073  0.008846         0
   101/499     5.64G   0.04293  0.008639         0   0.05156         6       640     0.323    0.3057    0.2261   0.06494   0.06085   0.00906         0
   102/499     5.64G   0.04101  0.009022         0   0.05003         5       640    0.1916    0.4352    0.1572   0.04563   0.05912  0.009486         0
   103/499     5.64G   0.04323  0.008549         0   0.05177         9       640    0.3332    0.3875    0.2735   0.08212   0.05804  0.009002         0
   104/499     5.64G   0.04287  0.009418         0   0.05229        11       640     0.249    0.4439    0.2222   0.06736    0.0582  0.009091         0
   105/499     5.64G   0.04106  0.008795         0   0.04985        10       640    0.2538    0.3592    0.2332   0.07237   0.05914   0.00912         0
   106/499     5.64G   0.04205  0.009081         0   0.05113         8       640    0.3197    0.3661    0.2657   0.08201   0.05697  0.009177         0
   107/499     5.64G   0.04129  0.008944         0   0.05023         9       640    0.3913    0.4352    0.3543    0.1118   0.05821  0.008975         0
   108/499     5.64G   0.03987  0.009014         0   0.04889         9       640    0.2539    0.4853    0.1894   0.05271   0.05873  0.009773         0
   109/499     5.64G   0.04205  0.008864         0   0.05091         8       640    0.2118    0.4732    0.1588    0.0445   0.05854   0.01173         0
   110/499     5.64G   0.04225  0.008923         0   0.05118        10       640    0.2552    0.4577    0.1885   0.04902   0.05749   0.01207         0
   111/499     5.64G   0.04084  0.009158         0      0.05        12       640    0.2768    0.4162    0.2002   0.05464   0.05682    0.0102         0
   112/499     5.64G   0.04195  0.009043         0   0.05099         9       640    0.2983    0.4443    0.2245   0.06303   0.05506  0.009572         0
   113/499     5.64G   0.03949  0.008709         0    0.0482        10       640    0.1727     0.525    0.1349   0.03559   0.05572   0.01598         0
   114/499     5.64G   0.03814  0.008873         0   0.04701        10       640    0.3735    0.3817    0.2458   0.07597   0.05638  0.009522         0
   115/499     5.64G   0.04051  0.008516         0   0.04902        10       640    0.4605    0.4231    0.3341     0.104   0.05496  0.008935         0
   116/499     5.64G   0.04223  0.008958         0   0.05119        10       640    0.4026    0.5041     0.411    0.1432   0.05445  0.008811         0
   117/499     5.64G   0.03867  0.009213         0   0.04789        10       640    0.3299    0.4565    0.3188    0.1109   0.05422  0.009085         0
   118/499     5.64G   0.03915  0.008769         0   0.04792        11       640    0.3274    0.4589    0.2474   0.07414   0.05508  0.009505         0
   119/499     5.64G   0.04101  0.008991         0      0.05        12       640    0.3595    0.5354    0.3063   0.08793     0.056  0.009296         0
   120/499     5.64G   0.04078  0.008996         0   0.04977         8       640    0.3779    0.4974    0.2997   0.08687   0.05801  0.008992         0
   121/499     5.64G   0.03931  0.008632         0   0.04795        10       640    0.4216    0.5095    0.3458    0.1081    0.0543  0.009197         0
   122/499     5.64G    0.0398  0.009401         0    0.0492         9       640    0.3981    0.4819      0.31   0.09881   0.05589  0.009392         0
   123/499     5.64G   0.03881  0.008728         0   0.04754        10       640    0.4612    0.4629      0.34    0.1051   0.05614  0.009752         0
   124/499     5.64G   0.03795  0.008812         0   0.04677         7       640    0.4123    0.5404    0.3666    0.1174   0.05474  0.009079         0
   125/499     5.64G   0.03831  0.008962         0   0.04727         8       640    0.3517     0.437    0.2992   0.09369   0.05563  0.009002         0
   126/499     5.64G   0.04065  0.008912         0   0.04956        12       640    0.5143    0.4491    0.4348    0.1475   0.05529   0.00873         0
   127/499     5.64G   0.04115  0.009135         0   0.05029        13       640    0.4523    0.5147    0.4002    0.1303   0.05625  0.008588         0
   128/499     5.64G   0.04046  0.008639         0    0.0491         8       640    0.2784    0.4922    0.2148   0.06245   0.05647   0.01818         0
   129/499     5.64G   0.03966  0.008968         0   0.04863        13       640    0.3748    0.5406    0.3129   0.09926   0.05469   0.01093         0
   130/499     5.64G   0.03473  0.008895         0   0.04362         9       640    0.3071     0.563    0.2668   0.08021   0.05385  0.009782         0
   131/499     5.64G   0.04069  0.009133         0   0.04982        10       640    0.2627    0.5889    0.2149   0.06572   0.05427   0.01621         0
   132/499     5.64G   0.03899  0.008838         0   0.04783         6       640     0.417    0.5584    0.3435    0.1085   0.05392  0.009171         0
   133/499     5.64G   0.03927  0.009113         0   0.04838        13       640    0.4442    0.5682    0.3744    0.1309   0.05419  0.008791         0
   134/499     5.64G   0.03867  0.008804         0   0.04747        16       640    0.3188    0.4491    0.2372   0.07021   0.05583   0.01029         0
   135/499     5.64G   0.03754  0.009146         0   0.04668        13       640    0.3739    0.5423    0.3509    0.1194   0.05565  0.008911         0
   136/499     5.64G   0.03549  0.008212         0    0.0437         6       640     0.434    0.4794    0.4025    0.1408    0.0549  0.008828         0
   137/499     5.64G   0.03856  0.008971         0   0.04753        11       640    0.3593    0.5009    0.3384    0.1077   0.05483   0.00882         0
   138/499     5.64G   0.03766  0.008799         0   0.04646        16       640    0.3629    0.4742     0.274    0.0849   0.05531  0.009824         0
   139/499     5.64G    0.0372  0.009095         0    0.0463        12       640    0.4411     0.532    0.3608    0.1206   0.05557  0.008987         0
   140/499     5.64G   0.03429  0.008625         0   0.04292         5       640    0.5081    0.5475    0.4927    0.1822   0.05412   0.00873         0
   141/499     5.64G   0.03837  0.008488         0   0.04686         9       640    0.4868     0.532    0.4612    0.1621   0.05411  0.008738         0
   142/499     5.64G   0.03424  0.008396         0   0.04264        10       640     0.462    0.5592    0.4515     0.149   0.05453  0.008783         0
   143/499     5.64G   0.03761  0.009395         0     0.047        11       640    0.3817     0.544    0.3933    0.1401   0.05384  0.009012         0
   144/499     5.64G   0.03574  0.009195         0   0.04494         9       640    0.4865    0.5121    0.4409    0.1561   0.05303  0.008936         0
   145/499     5.64G    0.0366  0.008385         0   0.04499         7       640    0.5005    0.5613    0.4154    0.1487   0.05157  0.009378         0
   146/499     5.64G   0.03575  0.009133         0   0.04488        12       640    0.4453    0.5579    0.3982    0.1479   0.05171  0.009018         0
   147/499     5.64G   0.03684  0.009091         0   0.04593         6       640    0.2623    0.6012    0.2196    0.0711   0.05216   0.01204         0
   148/499     5.64G   0.03832  0.008318         0   0.04664        10       640     0.471    0.5371    0.4529    0.1757   0.05111  0.008898         0
   149/499     5.64G   0.03772  0.008628         0   0.04635         8       640    0.4868     0.582    0.4768    0.1927   0.05119   0.00866         0
   150/499     5.64G   0.03645  0.009123         0   0.04558        12       640    0.3217    0.5939    0.2797   0.09821   0.05228  0.009299         0
   151/499     5.64G   0.03476   0.00882         0   0.04358         8       640    0.3209    0.5665    0.2676   0.09588    0.0535  0.009637         0
   152/499     5.64G   0.03387  0.008332         0   0.04221         7       640    0.5631    0.5682    0.5455    0.2165   0.05168  0.008636         0
   153/499     5.64G   0.03623  0.008987         0   0.04522        13       640     0.508    0.5561    0.4988    0.1931   0.05178  0.008769         0
   154/499     5.64G   0.03431  0.008747         0   0.04306        12       640       0.5    0.5302    0.4314    0.1603   0.05099   0.00903         0
   155/499     5.64G   0.03593   0.00919         0   0.04512        14       640    0.1266    0.6269    0.1036     0.034   0.05249   0.02101         0
   156/499     5.64G   0.03379  0.008588         0   0.04238         9       640    0.1932    0.6511     0.157   0.05555   0.05154   0.01454         0
   157/499     5.64G   0.03634  0.009241         0   0.04558        18       640    0.3761    0.5993    0.3171    0.1134   0.05069  0.009794         0
   158/499     5.64G   0.03441  0.009296         0    0.0437         5       640    0.4827    0.5717    0.4256    0.1609   0.04968    0.0089         0
   159/499     5.65G   0.03423  0.008672         0    0.0429         9       640    0.4182     0.601    0.3308    0.1201   0.05119    0.0119         0
   160/499     5.65G   0.03692  0.008877         0    0.0458         8       640    0.4954    0.6166    0.4567    0.1649   0.05138  0.009298         0
   161/499     5.65G   0.03455  0.008514         0   0.04306        13       640    0.5413    0.6338    0.5153    0.1972   0.04915  0.008633         0
   162/499     5.65G   0.03817  0.008496         0   0.04667        10       640    0.4887    0.5406    0.4037    0.1404   0.04871  0.009254         0
   163/499     5.65G   0.03262  0.008675         0    0.0413        11       640    0.4908     0.487    0.3897    0.1408    0.0491  0.009275         0
   164/499     5.65G   0.03495  0.008771         0   0.04373         9       640    0.4505    0.5281    0.4111    0.1561   0.05066  0.009098         0
   165/499     5.65G   0.03672  0.008542         0   0.04526        10       640    0.5472    0.5682    0.4526    0.1769    0.0521  0.008891         0
   166/499     5.65G   0.03639  0.008546         0   0.04494         5       640      0.62     0.563    0.5496     0.231   0.05171  0.008513         0
   167/499     5.65G   0.03711   0.00894         0   0.04605        18       640     0.575    0.5842    0.5747    0.2322   0.05196  0.008577         0
   168/499     5.65G   0.03057  0.008381         0   0.03895         9       640    0.5567    0.6131    0.5717    0.2305   0.05217   0.00861         0
   169/499     5.65G   0.03328  0.008755         0   0.04203         9       640    0.5836    0.5475    0.5517    0.2182   0.05387  0.008704         0
   170/499     5.65G   0.03435  0.008713         0   0.04307        19       640    0.6353    0.5595    0.5759    0.2401   0.05286   0.00862         0
   171/499     5.65G   0.03347  0.008921         0   0.04239        10       640    0.5627    0.5544    0.5318    0.2119   0.05277  0.008632         0
   172/499     5.65G   0.03485  0.008389         0   0.04324        11       640    0.6215    0.5682    0.5627    0.2377   0.05262  0.008429         0
   173/499     5.65G   0.03264  0.009033         0   0.04167        11       640    0.5928    0.6062    0.5916    0.2496   0.05164  0.008475         0
   174/499     5.65G   0.03241  0.008487         0    0.0409         8       640     0.527    0.5855    0.5497    0.2246   0.05055  0.008673         0
   175/499     5.65G   0.03766  0.009041         0    0.0467         9       640    0.5896    0.5527    0.5698    0.2344   0.05064  0.008583         0
   176/499     5.65G   0.03178  0.008793         0   0.04058        10       640     0.616    0.6114    0.5863    0.2569   0.05126  0.008475         0
   177/499     5.65G   0.03509  0.008945         0   0.04404        10       640    0.6262    0.6028    0.5827    0.2417   0.05199  0.008465         0
   178/499     5.65G   0.03636  0.008643         0     0.045        10       640    0.5358    0.5803    0.5368    0.2079   0.05244    0.0087         0
   179/499     5.65G   0.03502  0.008521         0   0.04355         6       640    0.6101    0.5993    0.5774     0.235   0.05116  0.008492         0
   180/499     5.65G   0.03464    0.0085         0   0.04314        13       640    0.5939    0.6138    0.5772    0.2404   0.04982  0.008566         0
   181/499     5.65G   0.03261    0.0091         0   0.04171         8       640     0.594    0.5682     0.568     0.233   0.04982  0.008689         0
   182/499     5.65G   0.03452  0.008785         0    0.0433         9       640    0.6745    0.6149    0.6196     0.275   0.04947  0.008492         0
   183/499     5.65G   0.03556  0.008326         0   0.04389        12       640    0.5836    0.6304    0.5645    0.2322   0.04955  0.008535         0
   184/499     5.65G   0.03648  0.008154         0   0.04464         7       640    0.6014    0.6646    0.6158     0.262     0.049  0.008433         0
   185/499     5.65G   0.03193  0.008924         0   0.04085        11       640    0.6379    0.6028    0.6018    0.2449    0.0478  0.008517         0
   186/499     5.65G   0.03446  0.008338         0   0.04279         6       640    0.6349    0.6511    0.6239    0.2615    0.0473  0.008499         0
   187/499     5.65G   0.03155  0.008553         0   0.04011         9       640    0.7005    0.6062    0.6465    0.2801   0.04813  0.008347         0
   188/499     5.65G   0.03089  0.008406         0    0.0393         9       640    0.6226    0.6268    0.6058    0.2604   0.04833  0.008499         0
   189/499     5.65G   0.03501  0.008411         0   0.04342         8       640    0.6021    0.6494    0.6109    0.2769   0.04806  0.008473         0
   190/499     5.65G    0.0324  0.008319         0   0.04072        12       640    0.6765     0.632    0.6423    0.2844   0.04983  0.008367         0
   191/499     5.65G   0.03166  0.008972         0   0.04063         8       640    0.6472    0.6218    0.6276    0.2735    0.0487  0.008458         0
   192/499     5.65G   0.03082  0.008584         0    0.0394        12       640    0.6297    0.6684    0.6507     0.286   0.04827  0.008307         0
   193/499     5.65G   0.03121  0.008227         0   0.03943         9       640    0.6263    0.6627    0.6357    0.2773   0.04871  0.008347         0
   194/499     5.65G   0.03286  0.008464         0   0.04133        11       640     0.598    0.5924    0.5864    0.2475   0.04742  0.008645         0
   195/499     5.65G    0.0347  0.008502         0    0.0432        13       640    0.5674    0.6425    0.5879    0.2495   0.04639  0.008686         0
   196/499     5.65G   0.03199  0.008793         0   0.04078         9       640    0.4976    0.5993    0.4299    0.1752   0.04752  0.008992         0
   197/499     5.65G   0.03312  0.008525         0   0.04165         7       640    0.6585    0.5665    0.5957    0.2575   0.04863  0.008527         0
   198/499     5.65G   0.02961  0.008362         0   0.03797        11       640    0.6942    0.6356    0.6625    0.2833   0.04795   0.00843         0
   199/499     5.65G   0.03424  0.008613         0   0.04286        13       640    0.6665    0.6387    0.6503     0.284   0.04852  0.008385         0
   200/499     5.65G   0.03292  0.008329         0   0.04125        10       640    0.7291     0.563    0.6476    0.2866   0.04808  0.008511         0
   201/499     5.65G   0.03314  0.009103         0   0.04224        12       640    0.6022    0.6546    0.6316    0.2734   0.04788  0.008556         0
   202/499     5.65G   0.03124  0.008614         0   0.03985        10       640    0.6165    0.6664    0.6426    0.2796   0.04815  0.008491         0
   203/499     5.65G   0.03271  0.008249         0   0.04095         9       640     0.656    0.6818    0.6756    0.2953   0.04744  0.008398         0
   204/499     5.65G   0.03128  0.008281         0   0.03956         9       640     0.664    0.6689    0.6715    0.3018   0.04733  0.008424         0
   205/499     5.65G   0.03345  0.008223         0   0.04167         8       640    0.6787    0.6788    0.6778    0.2999   0.04812  0.008306         0
   206/499     5.65G   0.03154  0.008157         0    0.0397         9       640    0.6259    0.7047     0.643    0.2889   0.04874  0.008346         0
   207/499     5.65G    0.0339  0.008159         0   0.04206        18       640    0.6613    0.6528    0.6585    0.2981   0.04825  0.008298         0
   208/499     5.65G   0.03066  0.008428         0   0.03909         8       640    0.6932    0.6632    0.6869     0.317   0.04843  0.008285         0
   209/499     5.65G   0.03144  0.008466         0    0.0399        12       640    0.5096    0.5855    0.4574    0.1976   0.05214  0.008505         0
   210/499     5.65G   0.03148  0.008455         0   0.03994        12       640    0.5586    0.5579    0.4577    0.1986   0.05227  0.008431         0
   211/499     5.65G   0.03031  0.008476         0   0.03878        11       640    0.6437    0.5527    0.5361    0.2336   0.05067  0.008413         0
   212/499     5.65G   0.03402   0.00881         0   0.04283        13       640    0.5271    0.6321    0.4719    0.2025   0.04964  0.008707         0
   213/499     5.65G   0.03046   0.00858         0   0.03904        17       640    0.6243    0.6401    0.6279     0.279    0.0493  0.008549         0
   214/499     5.65G   0.03227  0.008342         0   0.04061        13       640    0.6686    0.6684    0.6704    0.3107   0.04768  0.008368         0
   215/499     5.65G   0.03306  0.008503         0   0.04157        10       640     0.675    0.6314    0.6472    0.2943   0.04837  0.008365         0
   216/499     5.65G   0.02904  0.008379         0   0.03742        11       640    0.6831    0.6459    0.6226    0.2759   0.04917   0.00832         0
   217/499     5.65G    0.0317    0.0084         0    0.0401         7       640    0.6166    0.6736    0.6061    0.2721   0.04829  0.008409         0
   218/499     5.65G   0.03333  0.008129         0   0.04145         6       640    0.6779    0.6144    0.6293    0.2801   0.04776  0.008451         0
   219/499     5.65G   0.03071  0.008555         0   0.03926         8       640    0.5601    0.6707     0.501    0.2137   0.04817  0.008762         0
   220/499     5.65G   0.03084  0.008872         0   0.03971         9       640    0.6259     0.656    0.6505    0.2959   0.04776  0.008478         0
   221/499     5.65G   0.03435  0.008962         0   0.04331        10       640    0.6411    0.6818     0.661    0.3042   0.04738  0.008375         0
   222/499     5.65G   0.02823  0.008655         0   0.03689        11       640    0.6663    0.6701    0.6583    0.2965   0.04795  0.008272         0
   223/499     5.65G   0.03056  0.008563         0   0.03912        11       640     0.719    0.6717    0.7014    0.3315   0.04755  0.008183         0
   224/499     5.65G    0.0332  0.008741         0   0.04194         6       640    0.7523    0.6503    0.7058    0.3377   0.04704    0.0082         0
   225/499     5.65G    0.0334  0.008174         0   0.04157        10       640    0.7101    0.6736    0.7028     0.329   0.04648  0.008311         0
   226/499     5.65G   0.03578  0.008392         0   0.04417        10       640    0.5676    0.6734    0.5607    0.2476   0.04767  0.008642         0
   227/499     5.65G   0.03115  0.008395         0   0.03955        11       640    0.4603    0.6348    0.4249    0.1757   0.04795  0.009046         0
   228/499     5.65G   0.03018  0.007916         0   0.03809        10       640    0.3548    0.6926    0.3121    0.1309   0.04794   0.00925         0
   229/499     5.65G   0.03269  0.008538         0   0.04123        18       640    0.5805      0.62    0.4957    0.2235   0.04949   0.00851         0
   230/499     5.65G    0.0306  0.008421         0   0.03902         8       640     0.638    0.6477    0.6435    0.2981   0.04809  0.008443         0
   231/499     5.65G   0.02949  0.008695         0   0.03819        12       640    0.7095    0.6632      0.69    0.3277   0.04751  0.008279         0
   232/499     5.65G   0.02984  0.008812         0   0.03865        10       640    0.6795     0.714    0.7021    0.3284   0.04807  0.008084         0
   233/499     5.65G   0.03112  0.009045         0   0.04017        11       640     0.717    0.7089    0.7134    0.3343   0.04774  0.008033         0
   234/499     5.65G   0.03167  0.008807         0   0.04048        11       640     0.721     0.656    0.6881    0.3315   0.04689  0.008197         0
   235/499     5.65G   0.03039  0.008755         0   0.03915        10       640    0.6707    0.7081    0.6911    0.3276   0.04756   0.00819         0
   236/499     5.65G   0.02858  0.008291         0   0.03687        11       640    0.7297    0.7047    0.7325    0.3518   0.04759  0.008207         0
   237/499     5.65G   0.02878  0.007893         0   0.03667         6       640     0.779    0.6166    0.7097    0.3294   0.04751  0.008379         0
   238/499     5.65G   0.03184  0.008053         0    0.0399         8       640     0.667    0.6399    0.5817    0.2737   0.04629  0.008459         0
   239/499     5.65G   0.02808  0.007658         0   0.03574         5       640    0.6712    0.6598    0.6451      0.31   0.04744  0.008278         0
   240/499     5.65G   0.03163  0.008717         0   0.04035         9       640    0.7274    0.6477    0.6874    0.3252   0.04685  0.008289         0
   241/499     5.65G   0.03125  0.008358         0   0.03961         5       640     0.769    0.6908    0.7357    0.3486   0.04709  0.008114         0
   242/499     5.65G   0.03138  0.008208         0   0.03959        10       640    0.7979    0.6857    0.7432    0.3513   0.04792  0.008154         0
   243/499     5.65G   0.02868  0.008064         0   0.03674         7       640    0.7598    0.6336    0.7009    0.3238   0.04715  0.008382         0
   244/499     5.65G   0.03514  0.008049         0   0.04319        11       640    0.7793    0.6615    0.7379    0.3559   0.04675  0.008216         0
   245/499     5.65G   0.03094  0.008581         0   0.03952        12       640    0.6442    0.6926    0.6148    0.2872   0.04801   0.00821         0
   246/499     5.65G   0.02879  0.008257         0   0.03705         9       640    0.7427    0.6477    0.7033      0.33   0.04733  0.008269         0
   247/499     5.65G   0.02906   0.00806         0   0.03712        13       640    0.7001    0.6718    0.6708    0.3185   0.04735   0.00823         0
   248/499     5.65G   0.03053  0.008828         0   0.03936         9       640    0.6409    0.7029    0.6557    0.3005   0.04703  0.008375         0
   249/499     5.65G   0.02929   0.00837         0   0.03766        11       640    0.6111    0.7168    0.6461    0.2966   0.04685  0.008376         0
   250/499     5.65G   0.02888  0.007855         0   0.03674        13       640    0.6371    0.7081    0.6325    0.2939   0.04722  0.008133         0
   251/499     5.65G   0.03011  0.008748         0   0.03886        12       640    0.6812    0.6716    0.6249    0.2863   0.04671  0.008257         0
   252/499     5.65G   0.02825  0.007862         0   0.03611         8       640    0.6633    0.6891    0.6275    0.2969   0.04735  0.008198         0
   253/499     5.65G   0.03099   0.00782         0   0.03881        14       640    0.6992    0.6784    0.6878    0.3132    0.0475   0.00816         0
   254/499     5.65G   0.02883  0.008293         0   0.03712        10       640     0.748    0.6563    0.7002    0.3351   0.04851  0.008109         0
   255/499     5.65G   0.02905  0.008413         0   0.03747         9       640    0.7452    0.6822    0.7385    0.3566   0.04793  0.008073         0
   256/499     5.65G   0.03095  0.008172         0   0.03912        12       640    0.7679    0.6995    0.7529    0.3597   0.04706  0.008106         0
   257/499     5.65G   0.02836  0.008173         0   0.03653         6       640    0.7041    0.7409    0.7268    0.3456   0.04637  0.008198         0
   258/499     5.65G   0.03045  0.007949         0    0.0384        12       640    0.7307     0.696    0.6942    0.3339   0.04694   0.00819         0
   259/499     5.65G   0.02579  0.007959         0   0.03374        11       640     0.707    0.7167    0.6777    0.3245   0.04766  0.008011         0
   260/499     5.65G   0.02759  0.008463         0   0.03606        12       640    0.6911    0.6805    0.6126    0.2843   0.04773  0.008127         0
   261/499     5.65G   0.02972  0.008118         0   0.03784         9       640     0.753    0.7064    0.7042    0.3325   0.04725  0.008055         0
   262/499     5.65G   0.02765  0.008122         0   0.03577        11       640     0.719    0.6857    0.7151     0.338   0.04664  0.008117         0
   263/499     5.65G   0.03052   0.00857         0   0.03909        10       640     0.739    0.6407    0.7002    0.3297   0.04714  0.008133         0
   264/499     5.65G   0.03028  0.008452         0   0.03873        10       640    0.5413    0.6667    0.4735    0.2214   0.04681  0.008149         0
   265/499     5.65G   0.03222  0.008479         0   0.04069         4       640    0.4526    0.6598    0.3884    0.1757   0.04684   0.00855         0
   266/499     5.65G   0.02763   0.00811         0   0.03574        11       640    0.6348    0.7294    0.6166    0.2921   0.04718  0.008075         0
   267/499     5.65G   0.03129  0.008119         0   0.03941        22       640    0.7183    0.7577    0.7453    0.3613   0.04697  0.007947         0
   268/499     5.65G   0.02954  0.007945         0   0.03748        10       640    0.7626    0.7267    0.7379    0.3553   0.04655  0.008048         0
   269/499     5.65G   0.03085  0.007897         0   0.03875        13       640    0.6964    0.7528    0.7362    0.3423   0.04657  0.008219         0
   270/499     5.65G   0.03251  0.008347         0   0.04085         9       640    0.7518    0.7029    0.7497    0.3655   0.04659  0.008081         0
   271/499     5.65G   0.02895  0.008206         0   0.03715        11       640    0.7827    0.6978    0.7746    0.3702   0.04656  0.007999         0
   272/499     5.65G   0.02874  0.008299         0   0.03703        15       640    0.8003    0.6926    0.7726    0.3683   0.04598  0.008056         0
   273/499     5.65G   0.02736  0.008054         0   0.03542        12       640    0.7276    0.7198    0.7479    0.3626   0.04612  0.008027         0
   274/499     5.65G   0.02904  0.007796         0   0.03684         5       640    0.7661    0.7306      0.76    0.3754   0.04585  0.007998         0
   275/499     5.65G   0.02934  0.008255         0   0.03759        10       640    0.7408    0.7701    0.7592    0.3663    0.0455  0.008066         0
   276/499     5.65G   0.02921   0.00776         0   0.03697         6       640    0.7672    0.7461    0.7652    0.3752   0.04541  0.008121         0
   277/499     5.65G   0.02835  0.008158         0   0.03651         5       640     0.808    0.7268    0.7788    0.3915   0.04532  0.007953         0
   278/499     5.65G   0.02964  0.008122         0   0.03776        17       640    0.7635    0.7427    0.7644    0.3729   0.04531  0.007969         0
   279/499     5.65G   0.02658  0.007884         0   0.03446         7       640    0.7316    0.7219    0.7364    0.3564   0.04629  0.007962         0
   280/499     5.65G   0.02916  0.008301         0   0.03746        13       640    0.6897    0.7116    0.6749    0.3223   0.04653  0.008176         0
   281/499     5.65G   0.02551  0.007335         0   0.03285         7       640    0.5642    0.7133    0.5165    0.2407    0.0463  0.008483         0
   282/499     5.65G   0.02929  0.008283         0   0.03757         8       640    0.6151    0.6736     0.537     0.255   0.04509  0.008572         0
   283/499     5.65G   0.02618  0.008105         0   0.03429        11       640    0.7236    0.7098      0.71     0.342   0.04512   0.00814         0
   284/499     5.65G   0.03058  0.007946         0   0.03852         8       640    0.7385    0.7047    0.7325    0.3551   0.04548  0.008162         0
   285/499     5.65G   0.02872  0.008276         0   0.03699         9       640    0.7297    0.6857    0.7173    0.3447   0.04516  0.008231         0
   286/499     5.65G   0.02892  0.008321         0   0.03724         8       640    0.7753    0.7391     0.769    0.3712   0.04482  0.008049         0
   287/499     5.65G   0.02818  0.008278         0   0.03646        11       640     0.791    0.7547    0.7822    0.3808    0.0442  0.008086         0
   288/499     5.65G   0.02567  0.008157         0   0.03383        26       640    0.8227    0.7392     0.787    0.3912   0.04399  0.008005         0
   289/499     5.65G   0.03019  0.008201         0   0.03839        10       640    0.7657    0.7547    0.7808    0.3833   0.04407  0.007951         0
   290/499     5.65G   0.02865  0.008186         0   0.03684        13       640    0.7252    0.7634    0.7431    0.3677   0.04407  0.008055         0
   291/499     5.65G   0.02802  0.008248         0   0.03627        14       640    0.7622    0.7547    0.7496    0.3667   0.04386  0.008076         0
   292/499     5.65G   0.02615  0.008078         0   0.03423        12       640    0.8056    0.6908    0.7609    0.3717    0.0441   0.00806         0
   293/499     5.65G    0.0265     0.008         0    0.0345        11       640    0.8036    0.6995    0.7629    0.3739   0.04371  0.008155         0
   294/499     5.65G   0.02496   0.00813         0   0.03309        11       640    0.7905    0.7219    0.7559     0.376   0.04287  0.008214         0
   295/499     5.65G   0.02603  0.008198         0   0.03423        13       640      0.84    0.6908    0.7761    0.3928   0.04241  0.008196         0
   296/499     5.65G    0.0288  0.008103         0    0.0369        13       640    0.7646    0.7348     0.772    0.3899   0.04264   0.00805         0
   297/499     5.65G   0.02703  0.008072         0   0.03511         9       640    0.7965    0.7098    0.7746    0.3805   0.04299  0.008083         0
   298/499     5.65G   0.03044  0.007894         0   0.03833         8       640    0.7767     0.739    0.7844    0.3928   0.04271  0.008038         0
   299/499     5.65G   0.02885  0.008468         0   0.03732        17       640    0.8192    0.7357    0.7917    0.3949   0.04295  0.007993         0
   300/499     5.65G   0.03207  0.007971         0   0.04005         8       640    0.8159    0.6891    0.7824    0.3849   0.04327  0.008084         0
   301/499     5.65G   0.02826  0.007783         0   0.03604        11       640    0.7716    0.7133    0.7554    0.3723   0.04339  0.007971         0
   302/499     5.65G   0.02745   0.00794         0   0.03539         6       640    0.6499    0.7503    0.6184    0.2984   0.04398  0.008003         0
   303/499     5.65G   0.02862  0.008006         0   0.03663         8       640    0.6071    0.7686    0.5977    0.2921   0.04424  0.008034         0
   304/499     5.65G   0.02904  0.007947         0   0.03699         5       640    0.7825    0.7599    0.7851    0.3923   0.04407  0.007875         0
   305/499     5.65G   0.03139  0.007869         0   0.03926         7       640     0.788    0.7702    0.7906    0.3939   0.04347  0.007915         0
   306/499     5.65G    0.0272  0.007901         0    0.0351         9       640    0.7812     0.734    0.7724    0.3855   0.04341  0.008017         0
   307/499     5.65G   0.02894  0.007207         0   0.03615         9       640    0.8104    0.7116    0.7911    0.3958   0.04306  0.008011         0
   308/499     5.65G   0.02978  0.008385         0   0.03816         6       640    0.7933    0.7185    0.7778     0.383   0.04312   0.00805         0
   309/499     5.65G   0.02979   0.00813         0   0.03792        12       640    0.7809    0.7409     0.776    0.3851    0.0433  0.007927         0
   310/499     5.65G   0.02667  0.007756         0   0.03442         6       640    0.7535    0.7392    0.7534    0.3733    0.0436  0.007843         0
   311/499     5.65G   0.02813  0.007843         0   0.03597         8       640    0.7093    0.7629    0.7403    0.3642    0.0434  0.007854         0
   312/499     5.65G   0.02601   0.00812         0   0.03413        10       640    0.7509    0.7219     0.758    0.3788   0.04355  0.007956         0
   313/499     5.65G   0.02585  0.007692         0   0.03354         7       640    0.7899    0.7599    0.7827    0.3918   0.04387  0.007827         0
   314/499     5.65G   0.02621  0.007648         0   0.03386        16       640    0.7299    0.7565    0.7678    0.3729   0.04335  0.008019         0
   315/499     5.65G   0.02528  0.007545         0   0.03282        11       640    0.7248    0.7732    0.7784    0.3832   0.04311  0.007983         0
   316/499     5.65G   0.02709  0.007979         0   0.03507        14       640    0.7516    0.7409    0.7806    0.3801   0.04391  0.007922         0
   317/499     5.65G   0.02864  0.008118         0   0.03676        10       640    0.7005    0.7555    0.7555    0.3724   0.04427  0.007883         0
   318/499     5.65G   0.02774  0.007798         0   0.03554        10       640    0.7131    0.7683    0.7647    0.3758   0.04382  0.007928         0
   319/499     5.65G   0.02513  0.007452         0   0.03258         7       640    0.7274     0.751     0.772    0.3893   0.04403  0.007883         0
   320/499     5.65G   0.02613  0.008036         0   0.03416        20       640    0.7405    0.7493    0.7557     0.364   0.04389  0.008015         0
   321/499     5.65G    0.0277   0.00761         0   0.03531         9       640     0.726    0.7781    0.7393    0.3506   0.04382  0.008117         0
   322/499     5.65G   0.02726   0.00808         0   0.03534        11       640    0.7819    0.7772    0.7726    0.3744   0.04319  0.007995         0
   323/499     5.65G   0.02612  0.007408         0   0.03352         9       640    0.8152    0.7771    0.8035    0.4026   0.04356  0.007801         0
   324/499     5.65G   0.02798  0.007623         0   0.03561         8       640    0.8008    0.7706    0.7972    0.3941   0.04381   0.00775         0
   325/499     5.65G   0.02627  0.007947         0   0.03422        13       640    0.7582    0.7755    0.7799     0.387   0.04325  0.007884         0
   326/499     5.65G    0.0263  0.007521         0   0.03382         5       640    0.7603    0.7617    0.7771     0.395   0.04301  0.007874         0
   327/499     5.65G   0.02726  0.007854         0   0.03511        12       640    0.7563    0.7513    0.7692    0.3914   0.04347   0.00786         0
   328/499     5.65G   0.02666  0.007563         0   0.03422        10       640    0.8066    0.7492    0.7997    0.4029    0.0438  0.007865         0
   329/499     5.65G   0.03001  0.007495         0    0.0375        11       640    0.8157    0.7496    0.8035    0.3997   0.04298  0.007987         0
   330/499     5.65G    0.0247  0.007322         0   0.03203         9       640    0.7759    0.7686    0.7927    0.3937   0.04309  0.007922         0
   331/499     5.65G   0.02455  0.007519         0   0.03207         6       640    0.7596    0.7651    0.7783    0.3911   0.04274  0.007924         0
   332/499     5.65G   0.02561   0.00795         0   0.03356         9       640    0.7661    0.7526    0.7698    0.3849   0.04277  0.008009         0
   333/499     5.65G   0.02714  0.008027         0   0.03517         6       640    0.7525     0.753    0.7764    0.3839   0.04376  0.007987         0
   334/499     5.65G   0.02727  0.008017         0   0.03529        11       640       0.8    0.7737     0.805    0.3985   0.04339  0.007906         0
   335/499     5.65G   0.02341  0.008068         0   0.03148         9       640     0.846    0.7841    0.8328    0.4123   0.04335  0.007839         0
   336/499     5.65G   0.02532  0.007764         0   0.03308        16       640    0.8039     0.772     0.808    0.4136   0.04324  0.007895         0
   337/499     5.65G   0.02564  0.007669         0    0.0333         6       640    0.7574    0.7766    0.7721    0.3871   0.04277  0.008102         0
   338/499     5.65G   0.02756  0.007649         0   0.03521        11       640    0.7925    0.7461    0.7873    0.3988   0.04293  0.007965         0
   339/499     5.65G   0.02708  0.007269         0   0.03435         7       640    0.7696    0.7565    0.7924    0.3944   0.04325  0.007915         0
   340/499     5.65G   0.02532  0.007369         0   0.03269         8       640    0.6994    0.7237    0.7143    0.3519   0.04232  0.008102         0
   341/499     5.65G   0.02927  0.007229         0    0.0365         9       640     0.562    0.7392    0.5266    0.2582   0.04234  0.008581         0
   342/499     5.65G   0.02613  0.007753         0   0.03388        10       640    0.7178    0.7427    0.6614    0.3321   0.04269  0.008143         0
   343/499     5.65G    0.0249  0.007803         0    0.0327         7       640    0.5987    0.7427    0.5658    0.2814   0.04215  0.008493         0
   344/499     5.65G   0.02654  0.007374         0   0.03391        10       640    0.4864    0.7427    0.4488    0.2213   0.04201   0.00936         0
   345/499     5.65G   0.02553  0.007614         0   0.03314         6       640    0.6076    0.7392    0.5614    0.2721   0.04216  0.008461         0
   346/499     5.65G   0.02374  0.007147         0   0.03089         8       640    0.7244     0.791    0.7501    0.3816   0.04218  0.007857         0
   347/499     5.65G   0.02719  0.007705         0   0.03489        10       640     0.782    0.7744    0.7964    0.4082   0.04205  0.007838         0
   348/499     5.65G   0.02881  0.007734         0   0.03654         9       640    0.7994    0.7444    0.7826    0.4032   0.04231  0.007904         0
   349/499     5.65G   0.02669  0.007659         0   0.03435         8       640     0.773    0.7668    0.7901    0.4009   0.04275  0.007914         0
   350/499     5.65G   0.02591  0.007523         0   0.03344         7       640    0.7189    0.7651    0.7097    0.3479   0.04238  0.008046         0
   351/499     5.65G    0.0239  0.007666         0   0.03156        12       640    0.8076    0.7547    0.7871    0.3922   0.04241  0.007843         0
   352/499     5.65G   0.02706  0.007568         0   0.03463         8       640    0.7746    0.7858     0.764     0.381   0.04224  0.007785         0
   353/499     5.65G   0.02557  0.007586         0   0.03315        15       640    0.7823    0.7979    0.8057    0.4108   0.04205    0.0077         0
   354/499     5.65G   0.02618  0.007527         0   0.03371        15       640    0.8421    0.7647    0.8119     0.399   0.04179  0.007799         0
   355/499     5.65G   0.02656  0.007493         0   0.03405         8       640    0.7613    0.7858     0.775    0.3868   0.04177  0.007819         0
   356/499     5.65G   0.02369  0.007152         0   0.03085         8       640    0.8161    0.7432    0.7992    0.3998   0.04212  0.007855         0
   357/499     5.65G   0.02585  0.007541         0   0.03339         8       640    0.7745    0.7595    0.7484     0.374    0.0427  0.007805         0
   358/499     5.65G   0.02589  0.007401         0   0.03329         8       640    0.7662    0.7478    0.7517    0.3695   0.04223   0.00789         0
   359/499     5.65G    0.0252  0.007626         0   0.03282        11       640    0.7207    0.7355    0.6635    0.3261   0.04202  0.008045         0
   360/499     5.65G   0.02618  0.008166         0   0.03435        15       640     0.719    0.7254    0.6565    0.3262   0.04275  0.008088         0
   361/499     5.65G   0.02456  0.007417         0   0.03198        11       640    0.7313    0.7496    0.6993    0.3567   0.04299   0.00803         0
   362/499     5.65G   0.02497  0.007615         0   0.03259        12       640    0.5431    0.7803    0.5026     0.251   0.04294  0.008257         0
   363/499     5.65G    0.0272  0.007295         0   0.03449        10       640    0.6023    0.7979    0.5965    0.2877   0.04305  0.008144         0
   364/499     5.65G   0.02569  0.007184         0   0.03288         9       640    0.6779    0.7598    0.6684    0.3285    0.0436  0.008017         0
   365/499     5.65G   0.02625  0.007307         0   0.03356         9       640    0.5815    0.7824     0.563    0.2751   0.04331  0.008118         0
   366/499     5.65G   0.02683  0.007529         0   0.03436         8       640    0.7121    0.7651     0.679    0.3342   0.04333  0.007888         0
   367/499     5.65G   0.02532  0.007507         0   0.03283        12       640    0.6705    0.7978    0.6973    0.3447   0.04317  0.007881         0
   368/499     5.65G   0.02518  0.007711         0   0.03289         8       640    0.7396    0.7617    0.7456    0.3759     0.043  0.007831         0
   369/499     5.65G   0.02414  0.006996         0   0.03114         6       640    0.7795    0.7511    0.7634    0.3918   0.04273  0.007811         0
   370/499     5.65G   0.02591  0.007477         0   0.03339         7       640     0.782    0.7755    0.7637    0.3823   0.04222  0.007945         0
   371/499     5.65G   0.02499  0.007366         0   0.03236        10       640    0.7937     0.791    0.7871    0.3954   0.04209  0.007921         0
   372/499     5.65G   0.02576  0.007523         0   0.03328         8       640    0.7759    0.7668      0.78    0.3984    0.0416  0.007952         0
   373/499     5.65G   0.02618  0.007445         0   0.03363         7       640     0.789    0.7493     0.784    0.4021   0.04129  0.007983         0
   374/499     5.65G   0.02565   0.00782         0   0.03347        13       640    0.7929    0.7703    0.7947    0.4115   0.04142   0.00792         0
   375/499     5.65G    0.0246  0.007049         0   0.03165         9       640    0.7854    0.7599    0.7952    0.4107   0.04099  0.007877         0
   376/499     5.65G   0.02545  0.007131         0   0.03258         9       640    0.8124    0.7701    0.8197    0.4153   0.04081  0.007888         0
   377/499     5.65G   0.02544  0.007589         0   0.03303        10       640    0.6822    0.8046    0.7053    0.3577    0.0409  0.008025         0
   378/499     5.65G   0.02803  0.007542         0   0.03558        10       640    0.5269    0.7503    0.4775    0.2368   0.04156   0.00899         0
   379/499     5.65G   0.02564  0.007482         0   0.03312         6       640    0.4961    0.8031    0.4683    0.2296   0.04154  0.009544         0
   380/499     5.65G   0.02607  0.007238         0   0.03331         7       640     0.639    0.7978    0.6054    0.3016   0.04177  0.008131         0
   381/499     5.65G   0.02595  0.007603         0   0.03356        10       640    0.7647    0.8081    0.8033    0.4113   0.04212  0.007775         0
   382/499     5.65G   0.02578  0.007304         0   0.03308         8       640    0.8073    0.7841    0.8196    0.4109   0.04243  0.007717         0
   383/499     5.65G   0.02247  0.007186         0   0.02966         6       640    0.8095    0.7855     0.825    0.4107   0.04243  0.007668         0
   384/499     5.65G   0.02778  0.007312         0   0.03509        12       640    0.7631    0.8048    0.7779    0.3813   0.04291  0.007737         0
   385/499     5.65G    0.0246  0.007196         0    0.0318        14       640    0.7378    0.8221     0.744    0.3713   0.04271  0.007776         0
   386/499     5.65G   0.02337  0.007243         0   0.03061        12       640    0.8053    0.7788    0.7732    0.3903   0.04228  0.007718         0
   387/499     5.65G   0.02666  0.007514         0   0.03418         9       640     0.823    0.7467    0.7757    0.3902   0.04191  0.007834         0
   388/499     5.65G   0.02426  0.007373         0   0.03163        11       640    0.7938    0.7713     0.803    0.4113   0.04131  0.007906         0
   389/499     5.65G     0.022  0.007024         0   0.02902        13       640     0.799    0.7858     0.812    0.4194   0.04115  0.007944         0
   390/499     5.65G   0.02506  0.007077         0   0.03213        10       640    0.8273    0.7703      0.81     0.417   0.04162  0.007908         0
   391/499     5.65G   0.02388  0.007623         0    0.0315         9       640    0.8277    0.7755     0.808    0.4179   0.04183  0.007831         0
   392/499     5.65G   0.02344  0.007522         0   0.03096        11       640    0.8444    0.7685    0.8197    0.4152   0.04142  0.007863         0
   393/499     5.65G   0.02743  0.007278         0   0.03471        10       640    0.7991     0.804    0.8099    0.4121   0.04127  0.007925         0
   394/499     5.65G   0.02577  0.007476         0   0.03324        14       640    0.8239    0.8083    0.8146    0.4067   0.04162  0.007853         0
   395/499     5.65G   0.02434  0.007237         0   0.03158        14       640    0.7963    0.8237    0.8118    0.4125   0.04192  0.007737         0
   396/499     5.65G   0.02472  0.007364         0   0.03208         9       640    0.8209    0.7993    0.8158    0.4119   0.04214  0.007752         0
   397/499     5.65G   0.02457  0.007703         0   0.03228        10       640    0.8247    0.7803    0.8114    0.4114   0.04234  0.007777         0
   398/499     5.65G   0.02405  0.007703         0   0.03175        12       640    0.8115    0.7737    0.8128    0.4088   0.04257  0.007663         0
   399/499     5.65G   0.02613  0.007337         0   0.03346        12       640    0.7912    0.7927    0.8168    0.4165    0.0423    0.0077         0
   400/499     5.65G   0.02479  0.007583         0   0.03237         7       640    0.8058    0.8024    0.8288    0.4252   0.04169  0.007771         0
   401/499     5.65G   0.02423   0.00697         0    0.0312         8       640     0.835     0.791     0.828    0.4227    0.0417  0.007771         0
   402/499     5.65G   0.02492  0.007128         0   0.03204         8       640    0.8244    0.7323    0.8077    0.4096   0.04187  0.007759         0
   403/499     5.65G   0.02509  0.007599         0   0.03269        12       640    0.8365    0.7425    0.8168    0.4121   0.04167  0.007752         0
   404/499     5.65G   0.02046  0.007136         0    0.0276         8       640    0.8078    0.7807    0.8167    0.4171   0.04132  0.007772         0
   405/499     5.65G   0.02741  0.007168         0   0.03458         8       640    0.8182    0.7323    0.8018    0.4032    0.0415  0.007798         0
   406/499     5.65G   0.02644  0.007412         0   0.03385        11       640    0.7583    0.7856    0.7767    0.3901   0.04173  0.007905         0
   407/499     5.65G    0.0251  0.007558         0   0.03266        13       640    0.7954    0.7807    0.7888    0.3962   0.04146  0.007926         0
   408/499     5.65G   0.02288  0.007301         0   0.03018         8       640    0.8193    0.7927     0.818    0.4247   0.04099  0.007852         0
   409/499     5.65G   0.02294   0.00741         0   0.03035        13       640    0.8536    0.7855    0.8347    0.4308   0.04123  0.007821         0
   410/499     5.65G   0.02421  0.007314         0   0.03152         9       640    0.8561    0.7634    0.8337    0.4263   0.04146  0.007801         0
   411/499     5.65G   0.02436  0.006987         0   0.03134         9       640    0.8386     0.772    0.8289    0.4211   0.04125  0.007814         0
   412/499     5.65G   0.02493    0.0069         0   0.03183         8       640    0.7927    0.8083     0.829    0.4215   0.04124  0.007864         0
   413/499     5.65G   0.02659  0.007452         0   0.03404         8       640    0.7944    0.7939    0.8191    0.4227   0.04164  0.007786         0
   414/499     5.65G   0.02566  0.007055         0   0.03272         6       640    0.8351    0.7634    0.8145    0.4226   0.04148  0.007761         0
   415/499     5.65G   0.02473  0.007385         0   0.03211         9       640     0.775      0.81    0.8045    0.4176   0.04166  0.007762         0
   416/499     5.65G   0.02536  0.007898         0   0.03325        11       640    0.7939    0.7927     0.807    0.4209   0.04215   0.00765         0
   417/499     5.65G   0.02235  0.007721         0   0.03007        11       640    0.8277     0.791     0.823    0.4303   0.04237  0.007624         0
   418/499     5.65G   0.02562  0.007312         0   0.03293        11       640    0.8384    0.7617    0.8279    0.4232   0.04233  0.007735         0
   419/499     5.65G   0.02585   0.00699         0   0.03284        17       640    0.8455    0.7893    0.8444    0.4368   0.04183  0.007713         0
   420/499     5.65G   0.02359  0.006927         0   0.03051        12       640    0.8648    0.7997    0.8523    0.4415   0.04128  0.007691         0
   421/499     5.65G   0.02042   0.00714         0   0.02756         7       640    0.8722    0.7789    0.8439    0.4479   0.04092  0.007643         0
   422/499     5.65G   0.02338  0.006856         0   0.03024         8       640    0.8482    0.7634    0.8247    0.4365   0.04116  0.007677         0
   423/499     5.65G   0.02376  0.007267         0   0.03102         8       640    0.8395    0.7427    0.8146    0.4272   0.04151  0.007701         0
   424/499     5.65G   0.02545  0.007585         0   0.03304        11       640     0.848    0.7321    0.8125    0.4235   0.04147  0.007705         0
   425/499     5.65G   0.02668   0.00737         0   0.03405         9       640    0.8188    0.7651    0.8175    0.4262   0.04122   0.00781         0
   426/499     5.65G   0.02319  0.007206         0   0.03039         7       640    0.8605    0.7561    0.8239    0.4272    0.0408  0.007878         0
   427/499     5.65G   0.02495  0.007676         0   0.03263        12       640    0.8717     0.751     0.831    0.4289   0.04085  0.007847         0
   428/499     5.65G   0.02705   0.00717         0   0.03422         7       640    0.8423     0.775    0.8312    0.4275   0.04088  0.007774         0
   429/499     5.65G   0.02435  0.007148         0    0.0315         9       640    0.8261    0.7715    0.8207    0.4272   0.04076  0.007744         0
   430/499     5.65G   0.02339  0.006909         0    0.0303        10       640     0.803    0.8027    0.8083    0.4206   0.04059  0.007717         0
   431/499     5.65G   0.02318  0.007203         0   0.03038         9       640      0.81     0.791     0.786    0.4103   0.04107  0.007724         0
   432/499     5.65G   0.02364  0.006938         0   0.03058        12       640    0.8644    0.7824    0.8298    0.4399   0.04107   0.00774         0
   433/499     5.65G   0.02149  0.006977         0   0.02847        10       640    0.8457    0.8048    0.8414    0.4398   0.04093  0.007806         0
   434/499     5.65G    0.0241  0.007038         0   0.03114        11       640     0.831     0.791    0.8332    0.4357    0.0412  0.007758         0
   435/499     5.65G   0.02403  0.007291         0   0.03132         5       640    0.8387    0.7824    0.8332    0.4332   0.04115  0.007745         0
   436/499     5.65G    0.0228  0.006984         0   0.02978         5       640     0.836    0.7841     0.827    0.4333   0.04053  0.007835         0
   437/499     5.65G   0.02473  0.007111         0   0.03184        10       640    0.8449    0.7841     0.835    0.4392   0.03974  0.007895         0
   438/499     5.65G   0.02658  0.006944         0   0.03353        10       640    0.8612    0.7715    0.8338    0.4421   0.03967   0.00788         0
   439/499     5.65G   0.02248  0.006945         0   0.02943         6       640    0.8585    0.7546    0.8214    0.4334   0.03987   0.00791         0
   440/499     5.65G   0.02224  0.006742         0   0.02898         7       640    0.8364    0.7685    0.8213     0.429    0.0403  0.007879         0
   441/499     5.65G   0.02383  0.007389         0   0.03121        13       640    0.8223    0.7993    0.8212    0.4254   0.04032   0.00781         0
   442/499     5.65G     0.024   0.00701         0   0.03101         8       640    0.7869    0.8099    0.8181    0.4305   0.03992  0.007822         0
   443/499     5.65G   0.02324  0.007182         0   0.03042         8       640     0.817    0.7789      0.83    0.4353    0.0399  0.007806         0
   444/499     5.65G   0.02212  0.006842         0   0.02896        10       640    0.8206    0.8066    0.8387    0.4439   0.03985  0.007791         0
   445/499     5.65G    0.0226  0.006989         0   0.02958        11       640    0.8124    0.8083    0.8082    0.4218   0.03998  0.007818         0
   446/499     5.65G   0.02511  0.007696         0   0.03281        16       640    0.7627    0.7997    0.7583     0.389   0.04041  0.007968         0
   447/499     5.65G    0.0234  0.006777         0   0.03018         7       640    0.7422    0.8066    0.7641    0.3972   0.04039  0.007851         0
   448/499     5.65G   0.02361  0.007183         0   0.03079        16       640    0.8133    0.7749    0.7907    0.4116   0.04041   0.00777         0
   449/499     5.65G   0.02394  0.006631         0   0.03057         8       640    0.8074    0.7807     0.812    0.4205   0.04062   0.00782         0
   450/499     5.65G   0.02134  0.006952         0    0.0283        12       640    0.8193    0.7945    0.8321    0.4265   0.04028  0.007872         0
   451/499     5.65G   0.02462  0.006619         0   0.03124        10       640    0.8186    0.7874    0.8301    0.4287    0.0402  0.007793         0
   452/499     5.65G   0.02108  0.007232         0   0.02832        10       640      0.83    0.8095    0.8476    0.4346   0.04023  0.007731         0
   453/499     5.65G   0.02256  0.006981         0   0.02954         8       640    0.8315    0.8097    0.8471      0.44    0.0403  0.007747         0
   454/499     5.65G   0.02604  0.007065         0    0.0331         7       640    0.8468    0.8021    0.8482    0.4395   0.04045  0.007761         0
   455/499     5.65G   0.02356  0.007519         0   0.03108         9       640    0.8196    0.8169    0.8429    0.4385   0.04065   0.00774         0
   456/499     5.65G   0.02637   0.00724         0   0.03361         8       640    0.7964    0.8041    0.8272    0.4311   0.04042  0.007798         0
   457/499     5.65G   0.02208  0.006867         0   0.02894        10       640    0.8013    0.7941    0.8247    0.4369   0.04006  0.007785         0
   458/499     5.65G   0.02344  0.007165         0    0.0306        13       640    0.8092    0.8083    0.8288    0.4314   0.04002  0.007746         0
   459/499     5.65G    0.0243  0.007318         0   0.03162         9       640     0.818    0.8048    0.8171    0.4196   0.03997  0.007793         0
   460/499     5.65G   0.02372   0.00701         0   0.03073         8       640     0.812    0.7909    0.8181    0.4179   0.04014   0.00783         0
   461/499     5.65G    0.0238  0.006659         0   0.03046         9       640    0.8279    0.7892    0.8164    0.4212    0.0403  0.007779         0
   462/499     5.65G   0.02542  0.007054         0   0.03248         9       640     0.848    0.7805    0.8211    0.4267   0.04028  0.007712         0
   463/499     5.65G   0.02281  0.007073         0   0.02988        10       640    0.8215    0.8267     0.842    0.4359   0.04041   0.00763         0
   464/499     5.65G   0.02182  0.006726         0   0.02855         9       640    0.8576    0.8014    0.8367    0.4356   0.04026  0.007685         0
   465/499     5.65G   0.02345  0.006635         0   0.03008        10       640    0.8365    0.8048    0.8321    0.4383      0.04  0.007701         0
   466/499     5.65G   0.02267  0.006991         0   0.02966        12       640     0.821    0.8238    0.8402    0.4406   0.04015  0.007672         0
   467/499     5.65G   0.02416   0.00723         0   0.03138         9       640    0.8417    0.8079    0.8368    0.4385   0.04018  0.007681         0
   468/499     5.65G   0.02378  0.006892         0   0.03068         7       640    0.8637     0.791    0.8372     0.444   0.04003  0.007685         0
   469/499     5.65G   0.02232  0.007049         0   0.02936         6       640    0.8321    0.8152    0.8357    0.4437   0.03997  0.007638         0
   470/499     5.65G   0.02493  0.007225         0   0.03216         7       640    0.8603    0.7978    0.8417    0.4422   0.04021  0.007606         0
   471/499     5.65G   0.02556  0.007202         0   0.03277        13       640     0.825    0.8061    0.8341    0.4408    0.0405  0.007585         0
   472/499     5.65G   0.02364  0.006751         0   0.03039        15       640    0.8307    0.8135    0.8415    0.4458   0.04056  0.007588         0
   473/499     5.65G   0.02666  0.006904         0   0.03356        11       640    0.8301    0.8268    0.8427    0.4454   0.04025  0.007672         0
   474/499     5.65G   0.02338  0.006852         0   0.03023         8       640    0.8181    0.8169    0.8419    0.4457   0.03981  0.007777         0
   475/499     5.65G   0.02381  0.006565         0   0.03038        15       640    0.8131    0.8117     0.833    0.4311   0.03994  0.007794         0
   476/499     5.65G   0.02334  0.007189         0   0.03053         7       640     0.807    0.8088    0.8071    0.4237   0.03995  0.007763         0
   477/499     5.65G   0.02376  0.007122         0   0.03089        11       640    0.7993    0.8047    0.7755    0.4053   0.04012  0.007754         0
   478/499     5.65G    0.0227   0.00667         0   0.02937        13       640    0.7951    0.8187    0.7824    0.4047   0.04018  0.007728         0
   479/499     5.65G   0.02197  0.006524         0   0.02849         8       640    0.7927    0.8254    0.7916    0.4179    0.0399  0.007734         0
   480/499     5.65G   0.02277   0.00719         0   0.02996        11       640    0.8054    0.8325    0.8361    0.4381   0.03956  0.007732         0
   481/499     5.65G    0.0235  0.006941         0   0.03045        12       640    0.8373    0.7909    0.8317    0.4373   0.03931  0.007716         0
   482/499     5.65G   0.02313  0.006864         0   0.02999        11       640    0.8273     0.794    0.8299    0.4345    0.0393  0.007695         0
   483/499     5.65G   0.02403   0.00679         0   0.03082         4       640    0.8612    0.7714    0.8373    0.4392    0.0394  0.007688         0
   484/499     5.65G   0.02356  0.006813         0   0.03037        13       640    0.8565    0.7807    0.8421    0.4419   0.03975  0.007707         0
   485/499     5.65G   0.02228  0.006991         0   0.02927        10       640    0.8677     0.772    0.8468    0.4477   0.03973  0.007724         0
   486/499     5.65G   0.02582  0.006922         0   0.03274        11       640    0.8255    0.7927    0.8397    0.4403   0.03983  0.007735         0
   487/499     5.65G   0.02209  0.006782         0   0.02887        13       640    0.8021    0.7841    0.8161    0.4289   0.03994  0.007742         0
   488/499     5.65G   0.02383  0.006878         0   0.03071        14       640    0.7824     0.791    0.7934    0.4144   0.03978  0.007734         0
   489/499     5.65G    0.0232  0.006915         0   0.03012        10       640    0.7875    0.8255    0.8086    0.4201   0.03936  0.007743         0
   490/499     5.65G   0.02227  0.006502         0   0.02877        12       640    0.8503    0.7943    0.8243    0.4276   0.03936  0.007709         0
   491/499     5.65G   0.02398  0.007139         0   0.03112         7       640    0.8375    0.8135    0.8343    0.4358   0.03941    0.0077         0
   492/499     5.65G   0.02221  0.006855         0   0.02907         5       640     0.841    0.8221    0.8519    0.4498   0.03935  0.007646         0
   493/499     5.65G   0.02245  0.006979         0   0.02943        15       640    0.8573      0.81    0.8514    0.4525   0.03944  0.007614         0
   494/499     5.65G   0.02304  0.006709         0   0.02975        10       640    0.8482    0.8031    0.8479    0.4544   0.03961  0.007628         0
   495/499     5.65G   0.02331  0.007446         0   0.03076        15       640    0.8632    0.7737    0.8437    0.4511   0.03964  0.007668         0
   496/499     5.65G   0.02125  0.006949         0    0.0282         7       640     0.839     0.801    0.8497    0.4554   0.03975  0.007657         0
   497/499     5.65G   0.02267  0.007011         0   0.02968        13       640    0.8482    0.7962    0.8472    0.4505   0.03963  0.007702         0
   498/499     5.65G    0.0244  0.006936         0   0.03134         9       640    0.8495    0.7807    0.8361    0.4455   0.03952   0.00775         0
   499/499     5.65G   0.02388  0.007186         0   0.03107         9       640    0.8541    0.7788    0.8309    0.4391   0.03962  0.007778         0
