     0/499     1.86G   0.06085   0.01807         0   0.07892        10       640  0.009817     0.603  0.006933 0.0008573   0.07309   0.01545         0
     1/499      5.7G   0.06135   0.01401         0   0.07536        14       640  0.003515    0.7473  0.003752 0.0004991   0.06809   0.01374         0
     2/499     5.69G    0.0573   0.01215         0   0.06945         7       640   0.01939    0.0276  0.004702 0.0007327   0.06616   0.01251         0
     3/499     5.69G   0.05713   0.01155         0   0.06868        10       640   0.02395   0.02335  0.005543 0.0008145   0.06518   0.01141         0
     4/499      5.7G    0.0593   0.01097         0   0.07027        18       640   0.06349   0.03397  0.008876  0.001514   0.06724   0.01067         0
     5/499     5.62G   0.05923   0.01022         0   0.06945        14       640    0.0118    0.1507   0.01011  0.001879   0.06501   0.01021         0
     6/499     5.64G   0.05982  0.009901         0   0.06972         7       640  0.005052    0.1677  0.003409 0.0005278   0.07899   0.05518         0
     7/499     5.64G   0.05717  0.008886         0   0.06605         6       640   0.08405   0.07643   0.02642  0.005643   0.06855  0.009654         0
     8/499     5.64G   0.05747    0.0096         0   0.06707         8       640   0.02853   0.08705   0.00829  0.001362   0.06756  0.009792         0
     9/499     5.64G   0.05611  0.009319         0   0.06543        11       640   0.01354    0.2187  0.006816  0.001098   0.07025    0.0102         0
    10/499     5.64G   0.05874  0.009256         0     0.068         9       640   0.02475   0.05096  0.006345 0.0009055   0.06588   0.01002         0
    11/499     5.64G   0.05957  0.009179         0   0.06875        10       640   0.03287    0.1295   0.01797  0.002579   0.06742  0.009917         0
    12/499     5.64G   0.05787   0.00926         0   0.06713        13       640     0.047   0.03185  0.008794  0.001198   0.06734  0.009829         0
    13/499     5.64G   0.05722  0.009232         0   0.06646         9       640   0.05739   0.08493   0.02435  0.003874   0.06748  0.009796         0
    14/499     5.64G   0.05486  0.008914         0   0.06377         8       640   0.04837    0.1359   0.02465  0.004234   0.07017  0.009085         0
    15/499     5.64G   0.05532  0.008866         0   0.06419         7       640   0.04564    0.1189    0.0182  0.002614   0.06854  0.009556         0
    16/499     5.66G   0.05396  0.008467         0   0.06243         9       640   0.04086    0.2909   0.02464  0.003596   0.08873    0.2844         0
    17/499     5.66G   0.05669  0.008937         0   0.06563         8       640    0.1345    0.1231   0.05509   0.01008   0.07459    0.0084         0
    18/499     5.66G   0.05699   0.00893         0   0.06592         9       640    0.1273    0.2696   0.05598   0.01024   0.08739   0.02161         0
    19/499     5.66G   0.05458  0.008479         0   0.06306        11       640   0.04055    0.1316   0.01679  0.002567   0.07159  0.008828         0
    20/499     5.66G   0.05351  0.008591         0    0.0621         8       640   0.06393   0.08917   0.02383  0.004359     0.069  0.009276         0
    21/499     5.66G   0.05566   0.00896         0   0.06462        10       640    0.0574    0.1019   0.02286  0.003856   0.06635  0.009567         0
    22/499     5.66G   0.05465  0.008244         0    0.0629         9       640   0.04465    0.2229   0.02577  0.003827   0.06779  0.009484         0
    23/499     5.66G   0.05054  0.008268         0   0.05881         9       640   0.04167    0.1104   0.01891   0.00281   0.07054  0.009414         0
    24/499     5.66G   0.05647  0.009094         0   0.06557        17       640  0.002757  0.006369 0.0001269 2.599e-05   0.09536     0.132         0
    25/499     5.66G   0.05256  0.008697         0   0.06125        11       640   0.01089   0.03609  0.002416 0.0004061   0.08975   0.05086         0
    26/499     5.64G   0.05579  0.008827         0   0.06462        11       640   0.07493    0.1168   0.03364  0.005497    0.0684  0.009152         0
    27/499     5.64G   0.05242  0.008598         0   0.06102        11       640    0.0831     0.104   0.02979  0.004802   0.06561  0.009577         0
    28/499     5.66G   0.05402  0.008576         0   0.06259         5       640   0.07297    0.1104   0.03052  0.005494   0.06594  0.009567         0
    29/499     5.62G    0.0525  0.008913         0   0.06141        10       640   0.08018    0.1189   0.03444  0.007082   0.06522  0.009719         0
    30/499     5.64G   0.05385  0.009096         0   0.06295        10       640   0.08632    0.2484   0.04656   0.00707     0.066  0.009615         0
    31/499     5.64G    0.0536  0.008534         0   0.06213         9       640    0.1094     0.216   0.05227  0.008504   0.06689   0.00941         0
    32/499     5.64G   0.05379  0.008393         0   0.06219        14       640     0.105     0.259   0.05943   0.01094   0.06627  0.009349         0
    33/499     5.64G   0.05265  0.008428         0   0.06108        12       640    0.1006    0.1104    0.0428  0.008263   0.06671  0.009525         0
    34/499     5.64G   0.04986  0.008842         0    0.0587        11       640     0.132    0.2442   0.07757   0.01594   0.06692  0.009304         0
    35/499     5.64G   0.05314  0.008778         0   0.06192        15       640    0.1768    0.2038   0.08895   0.01799   0.06433  0.009743         0
    36/499     5.64G   0.05126  0.008647         0   0.05991         7       640    0.1238    0.2399   0.07389   0.01567   0.06655   0.00935         0
    37/499     5.64G   0.05096  0.008552         0   0.05951        11       640    0.1781    0.2123   0.08394   0.01815   0.06632  0.009534         0
    38/499     5.64G   0.05223  0.008303         0   0.06054         9       640    0.2377    0.2166    0.1127   0.02358   0.06791  0.009072         0
    39/499     5.64G   0.05187  0.008643         0   0.06051        10       640    0.1802    0.2739    0.1223    0.0274   0.06738  0.009198         0
    40/499     5.64G   0.04988  0.008459         0   0.05834         5       640    0.1826    0.2208    0.1053   0.02479   0.06823  0.009092         0
    41/499     5.64G   0.05201  0.008466         0   0.06048        12       640   0.09134    0.2102   0.04604  0.008372   0.06806   0.01164         0
    42/499     5.64G   0.05037  0.008728         0   0.05909         7       640   0.09841    0.2463   0.05411  0.009906   0.06835  0.009138         0
    43/499     5.64G   0.05161  0.008551         0   0.06016         5       640    0.2846    0.2399    0.1411   0.02971   0.06917  0.008892         0
    44/499     5.64G   0.04853  0.007899         0   0.05643        13       640    0.3059    0.2951    0.1992   0.04495   0.06842  0.008782         0
    45/499     5.64G   0.05003  0.008281         0   0.05831        16       640    0.1337    0.3227     0.092    0.0178    0.0678  0.009123         0
    46/499     5.64G   0.04942  0.008385         0   0.05781        10       640    0.2447    0.2739     0.171   0.04339   0.06561  0.009172         0
    47/499     5.64G   0.05114  0.008251         0   0.05939        13       640    0.3331    0.3128    0.2266    0.0584   0.06568  0.008929         0
    48/499     5.64G   0.05045  0.008279         0   0.05873         9       640    0.3146    0.3524    0.2374   0.06476   0.06278  0.009073         0
    49/499     5.64G   0.05027  0.008312         0   0.05858        10       640    0.2802    0.3312    0.1879   0.05021   0.06223  0.009526         0
    50/499     5.64G   0.04933  0.008345         0   0.05768         9       640    0.2214    0.3779    0.1428   0.03448    0.0613   0.01015         0
    51/499     5.64G   0.04972  0.008387         0   0.05811         9       640    0.2667    0.3864    0.1907   0.04974   0.06221   0.01006         0
    52/499     5.64G   0.04917  0.008497         0   0.05766        12       640    0.3345    0.3036    0.2373   0.05784   0.06017  0.009382         0
    53/499     5.64G   0.04523  0.008509         0   0.05374        14       640     0.371    0.3482    0.2738   0.08324    0.0602  0.009318         0
    54/499     5.64G   0.04865  0.008708         0   0.05735         7       640    0.3277    0.4459     0.284   0.08064   0.05839  0.009412         0
    55/499     5.64G   0.04861  0.008551         0   0.05716         8       640    0.3036    0.3526     0.257   0.07736   0.05802  0.009557         0
    56/499     5.64G   0.04761  0.008386         0     0.056        13       640     0.413    0.4692    0.3712    0.1249    0.0618  0.008841         0
    57/499     5.64G   0.04748  0.008566         0   0.05605        13       640    0.4192    0.4246    0.3348    0.1055   0.05946  0.009213         0
    58/499     5.64G   0.04611  0.008852         0   0.05496        16       640    0.4041    0.4034    0.2948   0.09075   0.05798  0.009528         0
    59/499     5.64G   0.04505  0.008862         0   0.05392         8       640    0.3575    0.4313    0.2782   0.08594   0.05806  0.009425         0
    60/499     5.64G   0.04747  0.008717         0   0.05618        11       640    0.3496    0.3715    0.2675   0.08663   0.05791  0.009668         0
    61/499     5.64G   0.04639  0.008762         0   0.05515        12       640    0.4559     0.465     0.413    0.1507   0.05845  0.009248         0
    62/499     5.64G   0.04407   0.00918         0   0.05325         6       640    0.4064    0.4522    0.3804    0.1331   0.05813  0.009159         0
    63/499     5.64G   0.04481  0.008907         0   0.05371        17       640    0.4379    0.4544    0.3819    0.1264   0.05958  0.009105         0
    64/499     5.64G   0.04165  0.008535         0   0.05019         7       640    0.3966    0.4989     0.389    0.1244   0.05979  0.009081         0
    65/499     5.64G   0.04429  0.008846         0   0.05314         8       640     0.396     0.431    0.3559    0.1182   0.05939  0.009155         0
    66/499     5.64G   0.04569  0.008881         0   0.05457        20       640    0.4047     0.397    0.3426    0.1232   0.06106   0.00908         0
    67/499     5.64G   0.04386  0.008595         0   0.05246        11       640    0.3927    0.3981    0.3149    0.1165   0.06183  0.008984         0
    68/499     5.64G   0.03798  0.008799         0   0.04678         8       640     0.327    0.4352    0.2944   0.09934    0.0608  0.009241         0
    69/499     5.64G   0.04464   0.00861         0   0.05325        10       640    0.4159    0.4943    0.3965    0.1466   0.06018  0.009032         0
    70/499     5.64G   0.04437  0.008762         0   0.05313        13       640    0.4371    0.4713    0.4099    0.1477   0.05998  0.008938         0
    71/499     5.64G    0.0424  0.008972         0   0.05137         9       640    0.5222    0.4522    0.4439    0.1758   0.05868  0.008966         0
    72/499     5.64G   0.03917   0.00876         0   0.04793         7       640    0.5141    0.4947    0.4594    0.1765   0.05748  0.008943         0
    73/499     5.64G   0.04079  0.008916         0   0.04971        12       640    0.4213    0.4989     0.393    0.1514   0.05762  0.009198         0
    74/499     5.64G   0.04179  0.008754         0   0.05054        11       640    0.5439    0.4968     0.464    0.1685   0.05918  0.008732         0
    75/499     5.64G   0.04092  0.008726         0   0.04965        11       640    0.4997    0.4601    0.4116    0.1302   0.06149  0.008673         0
    76/499     5.64G   0.03883  0.008611         0   0.04744         9       640    0.5344     0.482    0.4603    0.1706   0.05935  0.009079         0
    77/499     5.64G   0.03826  0.008587         0   0.04684        10       640    0.5085    0.4904    0.4458    0.1688   0.05678  0.008967         0
    78/499     5.64G    0.0394   0.00872         0   0.04812        11       640    0.4122    0.4565    0.3103    0.1172   0.05661  0.009284         0
    79/499     5.64G   0.04236  0.008847         0   0.05121         8       640     0.509    0.4607    0.3927    0.1563   0.05465  0.009095         0
    80/499     5.64G   0.04313  0.008906         0   0.05203         9       640     0.549     0.518    0.4694    0.1786   0.05506  0.008896         0
    81/499     5.64G   0.03907   0.00868         0   0.04775         9       640    0.5479    0.4246    0.4264    0.1661   0.05578  0.009197         0
    82/499     5.64G   0.04293  0.008551         0   0.05148         9       640    0.5482    0.5488    0.5091    0.2087   0.05451  0.008735         0
    83/499     5.64G   0.03982  0.008418         0   0.04824        12       640    0.5005     0.586    0.4279    0.1698   0.05475  0.008675         0
    84/499     5.64G   0.04239  0.008867         0   0.05126        14       640    0.5657     0.518    0.4911    0.2067   0.05571  0.008725         0
    85/499     5.64G    0.0401  0.008691         0   0.04879        14       640    0.6033     0.523    0.5099    0.2122    0.0569   0.00853         0
    86/499     5.64G   0.03941  0.008747         0   0.04816         9       640    0.4751    0.5478    0.4515    0.1833   0.05741  0.008733         0
    87/499     5.64G   0.03953  0.008525         0   0.04806        11       640    0.6063    0.5541     0.532    0.2177   0.05877  0.008421         0
    88/499     5.64G   0.04054  0.008421         0   0.04896        11       640    0.5791    0.5223    0.5053    0.2123   0.05719  0.008683         0
    89/499     5.64G   0.04036  0.008863         0   0.04922        14       640    0.5582    0.5365      0.47    0.1945   0.05501  0.008746         0
    90/499     5.64G   0.03979  0.008425         0   0.04822        15       640    0.5815    0.5221     0.511    0.2079    0.0553  0.008818         0
    91/499     5.64G   0.03641  0.008414         0   0.04483         9       640    0.5207    0.5813    0.5017    0.2136   0.05576  0.008595         0
    92/499     5.64G   0.03716  0.008458         0   0.04562         6       640    0.5494    0.5669    0.4754    0.1883   0.05771  0.008514         0
    93/499     5.64G   0.03824   0.00857         0   0.04681         8       640    0.5509    0.5159    0.4584    0.1912   0.05707  0.008728         0
    94/499     5.64G   0.03932  0.008401         0   0.04772        10       640    0.7119    0.5308    0.5894    0.2504   0.05753  0.008453         0
    95/499     5.64G   0.03963  0.008851         0   0.04848        22       640    0.7303    0.5414    0.5842    0.2572    0.0565  0.008363         0
    96/499     5.64G   0.03723  0.008884         0   0.04611         8       640    0.6465    0.5244    0.5268     0.226     0.055   0.00882         0
    97/499     5.64G   0.04002  0.008745         0   0.04876        12       640    0.6218    0.5795    0.5556    0.2509   0.05133  0.008814         0
    98/499     5.64G   0.03582  0.008538         0   0.04435        10       640    0.5577    0.5728    0.4543    0.2016   0.05176  0.008826         0
    99/499     5.64G   0.03418  0.008579         0   0.04275        11       640    0.6462    0.5669    0.5641    0.2463   0.05253  0.008694         0
   100/499     5.64G   0.03969  0.008335         0   0.04803         9       640    0.6453     0.552    0.5596    0.2433   0.05269  0.008767         0
   101/499     5.64G    0.0353  0.008617         0   0.04391         9       640    0.5979    0.6391    0.5949    0.2775    0.0527  0.008569         0
   102/499     5.64G   0.03946  0.008579         0   0.04803        12       640    0.4598    0.5223    0.3719    0.1557   0.05163  0.009247         0
   103/499     5.64G   0.03529  0.008939         0   0.04423         9       640    0.6864    0.5855    0.5955    0.2657   0.05369  0.008547         0
   104/499     5.64G   0.03608  0.008454         0   0.04454         9       640     0.694    0.6115    0.6239    0.2799   0.05181  0.008656         0
   105/499     5.64G   0.03757  0.009043         0   0.04662        12       640    0.5596    0.5962    0.5446    0.2344    0.0526  0.008954         0
   106/499     5.64G    0.0367  0.008461         0   0.04516         6       640    0.5307    0.5478    0.4609    0.1945   0.05354  0.008759         0
   107/499     5.64G   0.03956  0.008614         0   0.04817        10       640    0.6013    0.5329     0.535    0.2358   0.05404  0.008706         0
   108/499     5.64G    0.0395  0.008373         0   0.04787        12       640    0.6979    0.5817    0.6061     0.272   0.05362   0.00871         0
   109/499     5.64G    0.0395  0.008337         0   0.04784         8       640    0.6007    0.5494    0.5471    0.2486   0.05274   0.00898         0
   110/499     5.64G   0.03753   0.00858         0   0.04611        10       640     0.623     0.552    0.5132     0.229    0.0542  0.008869         0
   111/499     5.64G    0.0363  0.008422         0   0.04472         9       640    0.5721    0.5839    0.5174    0.2321   0.05423  0.008674         0
   112/499     5.64G   0.03555  0.008343         0   0.04389         8       640    0.6184    0.5754    0.5729    0.2587    0.0525  0.008783         0
   113/499     5.64G   0.03691  0.008629         0   0.04554         8       640    0.7175    0.5877    0.6155    0.2928   0.05189  0.008629         0
   114/499     5.64G   0.03739  0.008298         0   0.04569         9       640     0.697     0.603    0.6148    0.2881   0.05237   0.00868         0
   115/499     5.64G   0.03709   0.00813         0   0.04522         7       640    0.7139    0.6091    0.6468    0.3136   0.05105  0.008614         0
   116/499     5.64G   0.03678  0.008874         0   0.04565        11       640    0.6692    0.5584    0.5985    0.2739    0.0525  0.008877         0
   117/499     5.64G    0.0375  0.008647         0   0.04615        14       640    0.6452    0.5541    0.5664    0.2524   0.05195  0.008784         0
   118/499     5.64G   0.03532  0.008446         0   0.04377        15       640    0.5119    0.5732    0.4473    0.1941   0.05443   0.00923         0
   119/499     5.64G    0.0343  0.008565         0   0.04287        12       640    0.3672    0.4386    0.2509    0.1008   0.05616  0.009783         0
   120/499     5.64G   0.03732  0.008445         0   0.04577         8       640    0.6949    0.5584    0.5978    0.2854   0.05251  0.009182         0
   121/499     5.64G   0.03706  0.008731         0    0.0458        11       640    0.7201      0.62    0.6337    0.2936   0.05152  0.009008         0
   122/499     5.64G   0.03702  0.008459         0   0.04548         7       640    0.6787    0.6367    0.5775    0.2458   0.05163  0.008886         0
   123/499     5.64G   0.03363  0.008457         0   0.04209        12       640    0.7064    0.6603    0.6636    0.3035   0.05082  0.008743         0
   124/499     5.64G   0.03757  0.008539         0   0.04611         8       640    0.6483    0.6667    0.6136    0.2713   0.04985  0.008863         0
   125/499     5.64G   0.03533  0.008037         0   0.04336        11       640    0.7088    0.6178    0.6296    0.2885   0.05006  0.008698         0
   126/499     5.64G   0.03683  0.008327         0   0.04516         7       640    0.7989    0.6008    0.6622    0.3234     0.052  0.008514         0
   127/499     5.64G   0.03578  0.008832         0   0.04461        10       640    0.7781    0.6263    0.6779     0.329   0.05188  0.008477         0
   128/499     5.64G   0.03706  0.008303         0   0.04536        15       640    0.6363    0.6518    0.6418    0.2837   0.05261  0.008578         0
   129/499     5.64G   0.03629  0.008531         0   0.04482         6       640    0.6937    0.5499    0.5917    0.2523   0.05243   0.00877         0
   130/499     5.64G   0.03822  0.008644         0   0.04687        13       640    0.7676    0.5752     0.647    0.3008    0.0509  0.008779         0
   131/499     5.64G   0.03965   0.00887         0   0.04852        14       640    0.6587    0.5754    0.5901    0.2672   0.05096  0.008984         0
   132/499     5.64G   0.03417  0.008804         0   0.04297        11       640     0.751    0.6085    0.6405    0.2908   0.05482   0.00824         0
   133/499     5.64G   0.03782  0.008266         0   0.04609        12       640    0.7045    0.6581    0.6531    0.3025   0.05384  0.008238         0
   134/499     5.64G   0.03693  0.008338         0   0.04527        12       640    0.6364    0.5732    0.5875    0.2629   0.05269  0.008892         0
   135/499     5.64G   0.03715  0.008482         0   0.04564         8       640    0.7092    0.6221     0.654    0.3173   0.05275  0.008571         0
   136/499     5.64G   0.03846  0.008816         0   0.04727         6       640    0.5647    0.6561    0.5908    0.2772   0.05231   0.00881         0
   137/499     5.64G   0.03729  0.008745         0   0.04603         9       640    0.7334    0.6093    0.6449    0.3025   0.05199  0.008834         0
   138/499     5.64G   0.03179  0.008541         0   0.04034        11       640    0.7643    0.6369    0.6781    0.3311   0.05147   0.00844         0
   139/499     5.64G   0.03664  0.008463         0   0.04511         8       640    0.6944    0.6815    0.6786    0.3276   0.05115   0.00847         0
   140/499     5.64G   0.03421  0.008407         0   0.04262         9       640    0.7241    0.6688     0.689    0.3305   0.05183  0.008366         0
   141/499     5.64G   0.03519  0.008449         0   0.04364         9       640    0.7776    0.6624    0.7098     0.349   0.05101  0.008355         0
   142/499     5.64G    0.0339  0.008477         0   0.04237        14       640    0.7728    0.6943    0.7197    0.3621   0.04954  0.008355         0
   143/499     5.64G   0.03686  0.008538         0    0.0454        14       640    0.7762    0.6773    0.7226    0.3561   0.04952  0.008378         0
   144/499     5.64G   0.03648  0.008612         0    0.0451        12       640    0.7483    0.6709    0.7089    0.3548   0.04939  0.008536         0
   145/499     5.64G    0.0356  0.008391         0     0.044        12       640    0.7611    0.6263    0.6818    0.3306   0.05008  0.008449         0
   146/499     5.64G   0.03319  0.008362         0   0.04155         7       640    0.6877    0.6667    0.6531    0.3266   0.05018  0.008521         0
   147/499     5.64G   0.03303  0.008368         0    0.0414         8       640    0.7128    0.6454    0.6716    0.3312   0.04854   0.00865         0
   148/499     5.64G   0.03617  0.008145         0   0.04432         9       640    0.8041    0.6623    0.7304    0.3753   0.04826  0.008439         0
   149/499     5.64G   0.03339  0.008512         0    0.0419         9       640    0.6464    0.6412    0.6534    0.3181   0.05169  0.008282         0
   150/499     5.64G   0.03361  0.008059         0   0.04166         8       640    0.6979    0.6621    0.6934    0.3391   0.05077  0.008288         0
   151/499     5.64G   0.03199  0.008598         0   0.04058        12       640    0.6944    0.6433     0.673    0.3339   0.04999  0.008533         0
   152/499     5.64G   0.03477  0.008334         0    0.0431        11       640    0.7858    0.6388    0.7233    0.3714   0.04916  0.008406         0
   153/499     5.64G   0.03772   0.00842         0   0.04614        12       640    0.8274    0.6539    0.7233    0.3621   0.04953  0.008324         0
   154/499     5.64G   0.03275  0.008358         0   0.04111        10       640    0.7925    0.6921    0.7175    0.3586   0.04987  0.008167         0
   155/499     5.64G    0.0336   0.00819         0   0.04179         8       640    0.7698    0.6534    0.7033    0.3422   0.04971  0.008332         0
   156/499     5.64G   0.03338  0.008274         0   0.04165         9       640    0.7245    0.6643    0.7073    0.3507   0.04954  0.008387         0
   157/499     5.64G   0.03549  0.008408         0    0.0439        14       640    0.7599    0.6921    0.7457    0.3762   0.04915  0.008358         0
   158/499     5.64G   0.03512  0.008401         0   0.04352        11       640    0.7011    0.7021    0.7087    0.3476    0.0489  0.008347         0
   159/499     5.64G   0.03276  0.007849         0   0.04061         8       640    0.7532    0.6752    0.7122    0.3629    0.0488  0.008308         0
   160/499     5.64G   0.03386  0.008277         0   0.04214        11       640    0.7881     0.679    0.7413    0.3857   0.04882  0.008289         0
   161/499     5.64G   0.03258  0.008337         0   0.04092        14       640    0.8297    0.6721    0.7258    0.3728   0.04971  0.008064         0
   162/499     5.65G   0.03077  0.007714         0   0.03849         6       640    0.7985    0.6921    0.7222    0.3705   0.04974  0.008181         0
   163/499     5.65G   0.03276   0.00844         0    0.0412         8       640    0.7866    0.7045    0.7402    0.3732   0.05144  0.008108         0
   164/499     5.65G   0.03141  0.008336         0   0.03975         9       640      0.71    0.6837    0.6895    0.3435   0.05012  0.008272         0
   165/499     5.65G   0.03405  0.008119         0   0.04217         9       640    0.7571    0.7091    0.7505    0.3835   0.05008  0.008141         0
   166/499     5.65G   0.03196  0.007724         0   0.03969         6       640    0.7735    0.6964    0.7376    0.3728   0.04911  0.008256         0
   167/499     5.65G   0.03299  0.008509         0   0.04149        15       640     0.801    0.6751    0.7458    0.3813    0.0477  0.008381         0
   168/499     5.65G   0.03171  0.007912         0   0.03962        13       640    0.8073    0.7155    0.7507    0.3921   0.04774  0.008181         0
   169/499     5.65G   0.03336  0.008291         0   0.04165         6       640    0.7457    0.7408    0.7354    0.3748   0.04764  0.008093         0
   170/499     5.65G   0.03138  0.007818         0    0.0392         5       640    0.7571    0.7304    0.7096    0.3542   0.04753  0.008182         0
   171/499     5.65G    0.0326  0.008202         0    0.0408         9       640    0.6658    0.7028    0.5921    0.2926   0.04737  0.009338         0
   172/499     5.65G   0.03134  0.008102         0   0.03944        11       640    0.8302    0.6644    0.7472    0.3902   0.04799  0.008084         0
   173/499     5.65G   0.03268  0.008115         0    0.0408         8       640    0.8039    0.7048    0.7472    0.3897   0.04786  0.008034         0
   174/499     5.65G   0.03087  0.008041         0   0.03891        10       640    0.7716    0.7049     0.746      0.39   0.04813   0.00814         0
   175/499     5.65G   0.03344  0.008272         0   0.04171         6       640     0.806    0.7389    0.7759     0.414   0.04843  0.007935         0
   176/499     5.65G   0.03309   0.00796         0   0.04105         9       640    0.8201    0.7261    0.7718    0.4113    0.0481   0.00794         0
   177/499     5.65G   0.03121  0.008015         0   0.03923        12       640    0.8424    0.7176    0.7777    0.4094    0.0478  0.008023         0
   178/499     5.65G   0.03096  0.007919         0   0.03888         9       640    0.8261    0.7219    0.7767    0.3997   0.04782  0.007913         0
   179/499     5.65G   0.03234  0.007972         0   0.04032        14       640    0.8239     0.707    0.7626    0.4088   0.04749  0.007923         0
   180/499     5.65G   0.03246  0.008202         0   0.04067        10       640    0.8091    0.7219    0.7645    0.4018   0.04763  0.007967         0
   181/499     5.65G   0.03224  0.007867         0   0.04011        12       640    0.8187    0.6985    0.7594    0.4124    0.0487  0.007915         0
   182/499     5.65G   0.03142  0.007805         0   0.03923        10       640    0.7455    0.7091    0.6903    0.3636   0.04805  0.008093         0
   183/499     5.65G   0.02945  0.007901         0   0.03735        12       640    0.7749    0.7176    0.7536    0.4046   0.04862  0.008043         0
   184/499     5.65G   0.03126  0.007996         0   0.03925        15       640    0.7659    0.7113     0.733    0.3922   0.04886  0.008111         0
   185/499     5.65G   0.03077  0.007797         0   0.03856         8       640    0.7358    0.7346    0.7494    0.3984   0.05037  0.007915         0
   186/499     5.65G    0.0298  0.007479         0   0.03728        16       640    0.8789     0.709    0.7852    0.4208   0.05056  0.007815         0
   187/499     5.65G   0.03259  0.008143         0   0.04074        13       640     0.821     0.673    0.7599    0.3977   0.04976  0.007896         0
   188/499     5.65G   0.02964  0.007838         0   0.03748         9       640    0.8555    0.7304    0.8003    0.4224   0.05009  0.007548         0
   189/499     5.65G   0.03319  0.007675         0   0.04086         8       640    0.8012    0.7537    0.7906    0.4132   0.04928   0.00765         0
   190/499     5.65G   0.03245  0.008071         0   0.04052         8       640    0.8551    0.7282    0.8124    0.4254   0.04798  0.007912         0
   191/499     5.65G   0.02972  0.007754         0   0.03747         9       640    0.8386    0.7279     0.797    0.4273    0.0486  0.007828         0
   192/499     5.65G   0.03121  0.007978         0   0.03919        13       640    0.8623    0.6964    0.7819    0.4225   0.04924  0.007794         0
   193/499     5.65G   0.03252  0.007732         0   0.04025         8       640    0.7685    0.7472    0.7817    0.4238   0.04806  0.007872         0
   194/499     5.65G   0.02957  0.007945         0   0.03751         9       640    0.8596    0.7282    0.8105    0.4398    0.0493  0.007569         0
   195/499     5.65G   0.03017   0.00746         0   0.03763        10       640    0.8323    0.7282    0.7991    0.4424   0.04694  0.007796         0
   196/499     5.65G    0.0326  0.007701         0    0.0403        13       640    0.8754    0.7049     0.804    0.4395   0.04737  0.007758         0
   197/499     5.65G   0.02975  0.007748         0    0.0375         7       640    0.8705    0.6853    0.7974    0.4305   0.04789   0.00788         0
   198/499     5.65G   0.03211  0.007909         0   0.04002        12       640    0.8564    0.7452    0.8194    0.4428   0.04758  0.007845         0
   199/499     5.65G   0.03185  0.007569         0   0.03942         9       640    0.8424    0.7622    0.8006    0.4307   0.04749  0.007745         0
   200/499     5.65G   0.03048  0.007774         0   0.03826         8       640    0.8433    0.7196    0.8118    0.4419    0.0466  0.007823         0
   201/499     5.65G   0.03061  0.007857         0   0.03847         7       640     0.851    0.7153    0.8113    0.4307    0.0465  0.007814         0
   202/499     5.65G   0.03256  0.007748         0   0.04031        11       640    0.7953    0.7259    0.7778    0.4113   0.04698   0.00779         0
   203/499     5.65G   0.02809  0.007835         0   0.03593        12       640    0.8501    0.7346    0.8083    0.4465   0.04604  0.007722         0
   204/499     5.65G   0.02929   0.00762         0   0.03691         6       640    0.8321    0.7363    0.8067    0.4528   0.04518  0.007923         0
   205/499     5.65G   0.03254  0.007559         0    0.0401        13       640    0.8662    0.7431    0.8218    0.4608   0.04511  0.007791         0
   206/499     5.65G   0.03049  0.007616         0   0.03811         7       640    0.8929    0.7259    0.8173    0.4481   0.04788  0.007637         0
   207/499     5.65G   0.03195  0.007384         0   0.03934        12       640    0.8871    0.7197    0.8293    0.4666   0.04814  0.007612         0
   208/499     5.65G   0.02836   0.00773         0   0.03609        11       640    0.8113    0.7622    0.8178    0.4565   0.04794  0.007732         0
   209/499     5.65G   0.02824    0.0075         0   0.03574        14       640    0.9031    0.7155    0.8278    0.4738   0.04776  0.007635         0
   210/499     5.65G    0.0294  0.007643         0   0.03705        15       640    0.8848    0.7197    0.8187    0.4664   0.04641   0.00768         0
   211/499     5.65G      0.03  0.007283         0   0.03728         8       640    0.8558    0.7558     0.817    0.4616   0.04626  0.007703         0
   212/499     5.65G   0.03039    0.0077         0   0.03809         6       640    0.8749    0.7431    0.8221    0.4533   0.04783  0.007475         0
   213/499     5.65G    0.0301  0.007424         0   0.03753        14       640    0.8947     0.741    0.8331    0.4626   0.04907  0.007508         0
   214/499     5.65G   0.03103  0.007578         0   0.03861         7       640    0.8946    0.7388    0.8234    0.4695   0.04961  0.007431         0
   215/499     5.65G   0.02574  0.007284         0   0.03303         8       640    0.8639    0.7282    0.8068    0.4526   0.04942   0.00756         0
   216/499     5.65G   0.03008  0.007735         0   0.03781         7       640    0.7883    0.7352    0.7914    0.4427    0.0496  0.007677         0
   217/499     5.65G    0.0291   0.00754         0   0.03664         6       640    0.8654    0.7516    0.8245    0.4573   0.04967  0.007613         0
   218/499     5.65G   0.02836  0.007582         0   0.03594        10       640     0.882    0.7622    0.8344    0.4621   0.04906  0.007562         0
   219/499     5.65G   0.03136  0.007477         0   0.03883         5       640    0.8552    0.7558     0.816    0.4436   0.04894  0.007621         0
   220/499     5.65G   0.03103  0.007592         0   0.03862         9       640    0.9029    0.6921    0.8205    0.4432    0.0484  0.007628         0
   221/499     5.65G   0.02852  0.007296         0   0.03582        14       640    0.8819    0.7132    0.8274    0.4625   0.04844  0.007718         0
   222/499     5.65G   0.02757   0.00739         0   0.03496        12       640    0.9084    0.7176    0.8299    0.4704   0.04938  0.007493         0
   223/499     5.65G    0.0306  0.007309         0   0.03791        18       640    0.8616    0.7535    0.8284    0.4679   0.04909  0.007522         0
   224/499     5.65G   0.02945  0.007448         0    0.0369         9       640    0.8291    0.7622    0.8268    0.4631    0.0487   0.00752         0
   225/499     5.65G   0.03043  0.007124         0   0.03756         9       640    0.8868    0.7495    0.8326    0.4704     0.048   0.00755         0
   226/499     5.65G   0.02967  0.007388         0   0.03706        12       640    0.8938    0.7324    0.8285    0.4552   0.04864  0.007477         0
   227/499     5.65G   0.03185   0.00758         0   0.03943         8       640    0.7913    0.7404    0.7937    0.4184   0.04792  0.007837         0
   228/499     5.65G   0.02727   0.00724         0   0.03451         6       640    0.8366    0.7176    0.8076     0.434   0.04814  0.007907         0
   229/499     5.65G   0.02928  0.007335         0   0.03662         9       640    0.7749    0.7384    0.7952    0.4412   0.04838  0.007979         0
   230/499     5.65G    0.0287  0.007414         0   0.03611        15       640    0.7976    0.7792    0.8223    0.4539   0.04776  0.007711         0
   231/499     5.65G    0.0329  0.007609         0   0.04051        14       640    0.8736     0.707    0.8181     0.452   0.04719  0.007775         0
   232/499     5.65G   0.02612  0.007415         0   0.03353        13       640    0.8312    0.7537     0.829    0.4599   0.04685  0.007778         0
   233/499     5.65G   0.03013  0.007591         0   0.03773         9       640    0.8605    0.7601    0.8388    0.4609   0.04713  0.007743         0
   234/499     5.65G   0.02971   0.00728         0   0.03699        10       640    0.8781    0.7494    0.8339    0.4545   0.04717  0.007729         0
   235/499     5.65G   0.03029  0.007658         0   0.03795        17       640    0.9049    0.7495    0.8448    0.4681   0.04729  0.007552         0
   236/499     5.65G   0.02985  0.007304         0   0.03715         7       640    0.8926    0.7792    0.8572    0.4759   0.04737  0.007467         0
   237/499     5.65G    0.0296  0.007277         0   0.03687         8       640    0.8983    0.7537    0.8404    0.4728   0.04767  0.007456         0
   238/499     5.65G   0.02873  0.007198         0   0.03593         9       640    0.8552    0.7665    0.8326     0.459   0.04817  0.007436         0
   239/499     5.65G   0.02975  0.007156         0   0.03691        12       640    0.8682    0.7834    0.8472    0.4673   0.04839  0.007285         0
   240/499     5.65G   0.02649  0.007412         0    0.0339         7       640    0.8564    0.7979    0.8421    0.4636   0.04707  0.007457         0
   241/499     5.65G   0.02835  0.007345         0    0.0357        11       640    0.8362    0.8153    0.8496    0.4827   0.04613  0.007422         0
   242/499     5.65G   0.02651  0.007449         0   0.03396         7       640    0.8478    0.7834    0.8431    0.4734   0.04554  0.007465         0
   243/499     5.65G   0.02963  0.007259         0   0.03689        11       640    0.8758    0.7788    0.8564    0.4846    0.0453  0.007466         0
   244/499     5.65G   0.02862  0.007278         0    0.0359         9       640    0.8957    0.7856    0.8608    0.4838   0.04572  0.007358         0
   245/499     5.65G   0.02826  0.007235         0    0.0355         5       640    0.8956    0.7834    0.8546    0.4871   0.04615  0.007357         0
   246/499     5.65G   0.02711  0.007371         0   0.03448        14       640    0.8806    0.7686    0.8321    0.4754   0.04524  0.007458         0
   247/499     5.65G   0.02755  0.007479         0   0.03502         8       640    0.9098    0.7516    0.8465    0.4744    0.0445  0.007488         0
   248/499     5.65G   0.02991  0.007011         0   0.03692        11       640    0.8839    0.7919    0.8674    0.4949   0.04369  0.007539         0
   249/499     5.65G   0.03094  0.007431         0   0.03837        10       640    0.9057    0.7745    0.8597    0.4963   0.04451   0.00761         0
   250/499     5.65G   0.02685  0.006869         0   0.03372         8       640    0.8974    0.7622    0.8465    0.4885   0.04495  0.007525         0
   251/499     5.65G   0.02899  0.007392         0   0.03638        10       640    0.8579    0.7983    0.8552     0.481   0.04541  0.007531         0
   252/499     5.65G   0.02898  0.007426         0    0.0364        12       640    0.8655    0.7558    0.8411    0.4593   0.04611  0.007859         0
   253/499     5.65G   0.02812  0.007281         0    0.0354        11       640    0.8631    0.7898     0.848    0.4826   0.04565  0.007568         0
   254/499     5.65G   0.02858  0.007212         0   0.03579        14       640    0.8624    0.7728    0.8399    0.4763   0.04539  0.007436         0
   255/499     5.65G   0.03006  0.007228         0   0.03729         5       640    0.8612    0.7834    0.8537    0.4847   0.04531   0.00744         0
   256/499     5.65G   0.02785  0.006938         0   0.03479        10       640    0.8479    0.7601    0.8217    0.4708   0.04525  0.007581         0
   257/499     5.65G   0.02717  0.007162         0   0.03433        10       640    0.8404     0.794    0.8477    0.4724   0.04492  0.007623         0
   258/499     5.65G   0.03146  0.007404         0   0.03886         9       640    0.8741    0.7809    0.8431    0.4789   0.04474  0.007611         0
   259/499     5.65G    0.0279  0.007317         0   0.03521         9       640    0.8561    0.7704    0.8252      0.47   0.04411  0.007723         0
   260/499     5.65G   0.02645  0.007075         0   0.03353        11       640    0.8586    0.7737    0.8267    0.4683   0.04488   0.00756         0
   261/499     5.65G   0.02588  0.006834         0   0.03271         9       640    0.8548    0.8002    0.8405    0.4745   0.04487  0.007565         0
   262/499     5.65G   0.02478  0.006918         0    0.0317        12       640    0.8606    0.8128    0.8577    0.4822   0.04423  0.007467         0
   263/499     5.65G   0.02833  0.007089         0   0.03542        11       640    0.8631    0.7792    0.8472    0.4797   0.04457  0.007483         0
   264/499     5.65G   0.02839   0.00728         0   0.03567        16       640    0.9365    0.7601    0.8597    0.4905   0.04547  0.007378         0
   265/499     5.65G   0.02608  0.006734         0   0.03282         9       640    0.8968    0.7938    0.8606    0.4894   0.04564  0.007468         0
   266/499     5.65G   0.02751  0.006919         0   0.03443         9       640    0.8763    0.8132    0.8664    0.4969   0.04541  0.007541         0
   267/499     5.65G   0.02577  0.006941         0   0.03271        11       640    0.8917    0.8047    0.8649    0.4963   0.04606  0.007311         0
   268/499     5.65G   0.02838   0.00723         0   0.03561         9       640    0.8709    0.7898    0.8562    0.4803   0.04601  0.007271         0
   269/499     5.65G   0.02822  0.007216         0   0.03543        10       640    0.8895    0.8047    0.8613    0.4846   0.04542  0.007337         0
   270/499     5.65G    0.0262  0.006663         0   0.03286        14       640    0.9151    0.7792    0.8585    0.4812   0.04647    0.0074         0
   271/499     5.65G   0.02731  0.006896         0   0.03421         9       640    0.9218    0.7513     0.855    0.4849   0.04552  0.007341         0
   272/499     5.65G   0.02851  0.007024         0   0.03553        12       640    0.8587    0.8257     0.856    0.4816    0.0459  0.007392         0
   273/499     5.65G   0.02895  0.006886         0   0.03584         7       640    0.8441    0.8044    0.8431     0.476   0.04544  0.007467         0
   274/499     5.65G   0.02859  0.007038         0   0.03563        11       640    0.8714    0.8068    0.8638    0.4949   0.04521  0.007441         0
   275/499     5.65G   0.02906  0.006914         0   0.03598        10       640    0.9189    0.7962    0.8769    0.4947   0.04527  0.007343         0
   276/499     5.65G   0.02708  0.007014         0    0.0341        18       640    0.9116    0.7898    0.8602    0.4788   0.04604  0.007331         0
   277/499     5.65G   0.02684  0.007036         0   0.03387        11       640    0.9012     0.794    0.8659    0.4917   0.04565  0.007412         0
   278/499     5.65G   0.02944  0.007188         0   0.03663        10       640    0.9115    0.7876    0.8615    0.4894   0.04548  0.007358         0
   279/499     5.65G   0.03077  0.007013         0   0.03778        10       640    0.8995    0.7979    0.8563    0.4763   0.04519  0.007345         0
   280/499     5.65G   0.02828  0.007079         0   0.03535        13       640     0.888    0.8365    0.8759    0.4877   0.04561  0.007352         0
   281/499     5.65G   0.02685  0.007057         0   0.03391        16       640    0.9011    0.8365    0.8859    0.4879   0.04591  0.007351         0
   282/499     5.65G    0.0279  0.007039         0   0.03494        12       640     0.916    0.7875    0.8687    0.4908   0.04545  0.007245         0
   283/499     5.65G   0.02823  0.006865         0   0.03509        13       640    0.8542    0.8088    0.8538    0.4748   0.04442  0.007453         0
   284/499     5.65G   0.02842  0.007058         0   0.03548        14       640    0.8904    0.8107    0.8686    0.4963   0.04466  0.007428         0
   285/499     5.65G   0.02544  0.006833         0   0.03228         7       640    0.8834    0.8365     0.874    0.5045   0.04462  0.007392         0
   286/499     5.65G   0.02813  0.006982         0   0.03512         9       640     0.901    0.7941     0.872    0.4845    0.0437  0.007413         0
   287/499     5.65G    0.0289  0.006768         0   0.03567        13       640    0.8735    0.7919    0.8665    0.4818   0.04389  0.007536         0
   288/499     5.65G   0.02683  0.006988         0   0.03382        10       640    0.8438     0.828    0.8639    0.4889   0.04385  0.007435         0
   289/499     5.65G   0.02662  0.007108         0   0.03373        11       640    0.8112    0.8208    0.8274    0.4633   0.04422  0.007386         0
   290/499     5.65G    0.0274  0.006957         0   0.03436         7       640    0.8675    0.7941    0.8441    0.4819   0.04399  0.007374         0
   291/499     5.65G   0.02664  0.006826         0   0.03347        12       640    0.8573    0.8195    0.8513    0.4868    0.0441  0.007373         0
   292/499     5.65G   0.02685  0.006905         0   0.03375        10       640    0.8734    0.8068    0.8569    0.4881   0.04451  0.007343         0
   293/499     5.65G    0.0315  0.007359         0   0.03886         9       640    0.8983    0.8067    0.8722    0.4988    0.0442  0.007342         0
   294/499     5.65G   0.02687  0.006523         0    0.0334         7       640    0.9164     0.815    0.8806    0.5031   0.04436  0.007315         0
   295/499     5.65G   0.02466  0.006672         0   0.03133         7       640    0.9305    0.7962    0.8686    0.5011    0.0458  0.007213         0
   296/499     5.65G   0.02522  0.007069         0   0.03229        11       640    0.8972    0.7983    0.8602    0.4997   0.04669  0.007117         0
   297/499     5.65G   0.02913   0.00697         0    0.0361        12       640    0.8894    0.8238    0.8623    0.5023   0.04627  0.007165         0
   298/499     5.65G    0.0259  0.006822         0   0.03272        12       640    0.8945    0.7919    0.8681    0.4923   0.04565  0.007298         0
   299/499     5.65G   0.02672  0.006622         0   0.03334         8       640    0.8455    0.8132    0.8704    0.5009   0.04571  0.007264         0
   300/499     5.65G   0.02555  0.006322         0   0.03187         9       640    0.9017    0.8217    0.8701    0.5094   0.04556    0.0072         0
   301/499     5.65G   0.02851  0.006507         0   0.03501         9       640    0.8797    0.8386    0.8823    0.5079    0.0456  0.007241         0
   302/499     5.65G   0.02655  0.006882         0   0.03343         9       640    0.9341    0.8025    0.8821    0.5132   0.04601  0.007135         0
   303/499     5.65G   0.02629  0.006871         0   0.03316         6       640     0.915    0.8002    0.8721    0.5021   0.04543   0.00712         0
   304/499     5.65G   0.02491  0.006734         0   0.03164         9       640    0.8742    0.8301    0.8642    0.5074   0.04513   0.00722         0
   305/499     5.65G   0.02608  0.006982         0   0.03306         7       640    0.8736    0.8216    0.8704    0.5064   0.04515  0.007177         0
   306/499     5.65G   0.02681  0.006901         0   0.03372         9       640    0.8599    0.8471     0.871    0.4985   0.04513  0.007228         0
   307/499     5.65G   0.02613  0.006526         0   0.03266         7       640    0.8873    0.8191    0.8779     0.493   0.04524  0.007311         0
   308/499     5.65G   0.02703  0.006773         0    0.0338         9       640    0.8916    0.7898    0.8665    0.4953   0.04526  0.007229         0
   309/499     5.65G   0.02468  0.006805         0   0.03148        10       640    0.8711    0.8471    0.8812    0.5087   0.04604  0.007169         0
   310/499     5.65G   0.02493  0.006802         0   0.03173         8       640    0.8818    0.8235    0.8782    0.5007   0.04611  0.007214         0
   311/499     5.65G   0.02685  0.007192         0   0.03404        13       640    0.8845    0.8301    0.8732    0.4947   0.04613  0.007173         0
   312/499     5.65G   0.02711  0.006691         0    0.0338        10       640    0.8825    0.8131    0.8658    0.4913   0.04609  0.007087         0
   313/499     5.65G   0.02685  0.006806         0   0.03366        10       640    0.8891    0.8025    0.8685    0.4968   0.04618  0.007194         0
   314/499     5.65G    0.0293  0.006936         0   0.03623        14       640    0.8581    0.8344    0.8813    0.5126   0.04626  0.007182         0
   315/499     5.65G   0.02439  0.006805         0    0.0312        14       640     0.872    0.8386    0.8795    0.5071   0.04593  0.007161         0
   316/499     5.65G   0.02782  0.006827         0   0.03465         9       640    0.8872    0.8195    0.8696    0.5139   0.04614  0.007138         0
   317/499     5.65G   0.02551   0.00678         0   0.03229        11       640    0.8993    0.8386     0.878    0.5087   0.04634  0.007128         0
   318/499     5.65G    0.0246  0.006258         0   0.03086        13       640    0.8991     0.832    0.8743     0.496   0.04614  0.007201         0
   319/499     5.65G   0.02438  0.006584         0   0.03096        10       640    0.8758    0.7983    0.8605    0.4902   0.04582  0.007441         0
   320/499     5.65G   0.02773  0.006691         0   0.03442        10       640    0.8719    0.8382    0.8627    0.4988   0.04545  0.007421         0
   321/499     5.65G    0.0245  0.006574         0   0.03107        11       640    0.8958    0.8217    0.8558    0.4862   0.04612  0.007356         0
   322/499     5.65G   0.02598  0.006386         0   0.03237         6       640    0.8785     0.845    0.8797    0.5112   0.04663  0.007149         0
   323/499     5.65G   0.02622  0.006822         0   0.03304         9       640    0.9057    0.8174     0.874    0.5028   0.04654  0.007287         0
   324/499     5.65G   0.02573  0.006472         0   0.03221        10       640    0.9129    0.8233    0.8777    0.4952   0.04616  0.007267         0
   325/499     5.65G   0.02483  0.006644         0   0.03148         6       640    0.8795    0.8217    0.8756    0.4934   0.04615  0.007327         0
   326/499     5.65G   0.02601  0.006329         0   0.03234         7       640    0.9202     0.811    0.8732    0.5069   0.04616  0.007201         0
   327/499     5.65G   0.02636  0.006573         0   0.03294        10       640    0.8882     0.828    0.8847    0.5112   0.04616   0.00719         0
   328/499     5.65G   0.02436  0.006568         0   0.03093        10       640    0.8888    0.8493    0.8924    0.5187   0.04598  0.007179         0
   329/499     5.65G   0.02524  0.006569         0   0.03181         6       640    0.9257    0.8194    0.8868    0.5214   0.04574  0.007139         0
   330/499     5.65G   0.02601  0.006704         0   0.03271         9       640     0.932    0.8153    0.8837    0.5182   0.04608  0.007044         0
   331/499     5.65G   0.02534   0.00632         0   0.03166        10       640    0.8998    0.8386    0.8787    0.5104     0.047  0.007119         0
   332/499     5.65G   0.02655  0.006545         0    0.0331        15       640    0.8871    0.8342    0.8785    0.5047   0.04658  0.007267         0
   333/499     5.65G   0.02498  0.006567         0   0.03155        14       640    0.9164    0.8195    0.8763    0.5036   0.04623  0.007252         0
   334/499     5.65G   0.02599  0.006738         0   0.03273         7       640    0.9139    0.8109    0.8841    0.5128   0.04579  0.007321         0
   335/499     5.65G   0.02531  0.006725         0   0.03203        10       640    0.9246     0.811    0.8863    0.5265   0.04575  0.007258         0
   336/499     5.65G   0.02504  0.006767         0   0.03181         9       640    0.9133    0.8278     0.886    0.5255   0.04545  0.007183         0
   337/499     5.65G   0.02553  0.006343         0   0.03187        11       640    0.8935    0.8554    0.8874    0.5118   0.04492  0.007228         0
   338/499     5.65G   0.02487   0.00638         0   0.03125        11       640    0.9249    0.8108    0.8806    0.4975   0.04482   0.00728         0
   339/499     5.65G   0.02325  0.006507         0   0.02976        10       640    0.9454    0.8085    0.8922    0.5079   0.04446  0.007302         0
   340/499     5.65G   0.02498  0.006965         0   0.03194        11       640    0.9322    0.8172    0.8917    0.5212   0.04469  0.007153         0
   341/499     5.65G   0.02515  0.006868         0   0.03201         8       640    0.9246     0.811    0.8913    0.5105   0.04445  0.007221         0
   342/499     5.65G   0.02377  0.006438         0   0.03021         8       640    0.8937    0.8408    0.8798     0.503   0.04467  0.007247         0
   343/499     5.65G   0.02562  0.006396         0   0.03201         8       640     0.903    0.8195    0.8816    0.5041   0.04478  0.007319         0
   344/499     5.65G   0.02649  0.006641         0   0.03313         7       640     0.883    0.8171    0.8778    0.5073   0.04488  0.007344         0
   345/499     5.65G   0.02372  0.006431         0   0.03015        10       640    0.9212    0.8187    0.8939    0.5171    0.0453  0.007249         0
   346/499     5.65G   0.02473  0.006527         0   0.03125         9       640    0.9169    0.8195    0.8911    0.5221   0.04561  0.007252         0
   347/499     5.65G   0.02485  0.006512         0   0.03137        16       640    0.9155    0.8068    0.8868    0.5138   0.04628  0.007262         0
   348/499     5.65G    0.0236   0.00621         0   0.02981        11       640    0.9286    0.8003    0.8886    0.5191   0.04596  0.007251         0
   349/499     5.65G   0.02543  0.006705         0   0.03214         8       640     0.911     0.828    0.8905     0.518    0.0456  0.007187         0
   350/499     5.65G   0.02453  0.006541         0   0.03107        10       640    0.9106    0.8238    0.8864    0.5093   0.04545  0.007132         0
   351/499     5.65G   0.02618  0.006452         0   0.03263        12       640    0.9166    0.8172    0.8774    0.5063   0.04525  0.007168         0
   352/499     5.65G   0.02564  0.006464         0   0.03211        14       640    0.9183    0.7875    0.8724     0.513   0.04558  0.007222         0
   353/499     5.65G   0.02523  0.006351         0   0.03158         8       640     0.899    0.8132    0.8765    0.5169   0.04574   0.00727         0
   354/499     5.65G   0.02602  0.006389         0   0.03241        10       640    0.8958    0.8216     0.885    0.5203   0.04568  0.007404         0
   355/499     5.65G   0.02373  0.006256         0   0.02998        11       640    0.8995     0.836     0.891    0.5196   0.04531  0.007274         0
   356/499     5.65G   0.02442  0.006476         0   0.03089        13       640    0.9139    0.8344    0.8938    0.5255   0.04522  0.007155         0
   357/499     5.65G   0.02452  0.006306         0   0.03082        10       640    0.9141    0.8153     0.888    0.5161    0.0449  0.007259         0
   358/499     5.65G   0.02615  0.006518         0   0.03267        15       640    0.9257    0.7941    0.8817    0.5187   0.04437  0.007328         0
   359/499     5.65G   0.02296  0.006469         0   0.02943         8       640    0.9557     0.779    0.8791    0.5172   0.04405  0.007386         0
   360/499     5.65G   0.02305  0.006366         0   0.02942         8       640    0.9443    0.7917    0.8813    0.5185   0.04371  0.007327         0
   361/499     5.65G   0.02447  0.006435         0   0.03091        11       640    0.9085    0.8068    0.8748    0.5151   0.04396  0.007345         0
   362/499     5.65G   0.02314  0.006684         0   0.02983        13       640     0.928    0.7962    0.8729    0.5136    0.0439  0.007398         0
   363/499     5.65G    0.0238  0.006547         0   0.03034        12       640    0.9183    0.8153    0.8784      0.51   0.04321  0.007477         0
   364/499     5.65G   0.02366  0.006255         0   0.02992        16       640    0.9182    0.8153    0.8871    0.5142   0.04288  0.007431         0
   365/499     5.65G   0.02464  0.006392         0   0.03103         8       640    0.8966    0.8493    0.8893    0.5177   0.04238  0.007353         0
   366/499     5.65G   0.02471  0.006659         0   0.03137        11       640    0.9247    0.8342    0.8917    0.5241   0.04242  0.007275         0
   367/499     5.65G   0.02464  0.006303         0   0.03094         6       640     0.907    0.8301    0.8869    0.5186   0.04247  0.007324         0
   368/499     5.65G   0.02487  0.006003         0   0.03087         8       640    0.9067    0.8259    0.8847    0.5159   0.04332  0.007283         0
   369/499     5.65G   0.02464   0.00641         0   0.03106        19       640    0.8986     0.828    0.8798    0.5122   0.04381  0.007318         0
   370/499     5.65G   0.02242  0.006102         0   0.02852        14       640    0.8905    0.8301    0.8853     0.509   0.04358  0.007348         0
   371/499     5.65G   0.02391  0.006437         0   0.03035        16       640    0.9232    0.8195    0.8899     0.521   0.04367  0.007302         0
   372/499     5.65G   0.02378  0.006296         0   0.03008         7       640    0.9298    0.8195    0.8931    0.5196   0.04389  0.007385         0
   373/499     5.65G   0.02366  0.006265         0   0.02993        10       640       0.9    0.8408    0.8883    0.5129   0.04386  0.007411         0
   374/499     5.65G   0.02423  0.006309         0   0.03054        11       640    0.9353     0.811    0.8923    0.5126   0.04413  0.007278         0
   375/499     5.65G    0.0223  0.006504         0   0.02881        10       640    0.9137     0.832    0.8903    0.5095   0.04439  0.007148         0
   376/499     5.65G   0.02207  0.006369         0   0.02844        12       640    0.9092    0.8344    0.8849    0.5121   0.04443  0.007096         0
   377/499     5.65G   0.02318   0.00633         0   0.02951        12       640     0.945    0.8025     0.886    0.5066   0.04462  0.007139         0
   378/499     5.65G   0.02373  0.006036         0   0.02976        13       640    0.9388    0.8147    0.8921     0.516   0.04445  0.007236         0
   379/499     5.65G   0.02323  0.006158         0   0.02938        11       640    0.9048     0.828    0.8893    0.5219   0.04413   0.00723         0
   380/499     5.65G   0.02462  0.006276         0   0.03089        10       640    0.9545    0.8024    0.8939    0.5264    0.0442  0.007222         0
   381/499     5.65G   0.02276  0.006272         0   0.02904        11       640     0.959    0.7962    0.8929    0.5169   0.04417  0.007361         0
   382/499     5.65G   0.02515  0.006333         0   0.03148        11       640    0.9229    0.8153    0.8838    0.5126   0.04423  0.007302         0
   383/499     5.65G   0.02543  0.006286         0   0.03171         8       640    0.9006    0.8275    0.8752    0.5111   0.04447  0.007202         0
   384/499     5.65G    0.0226  0.006312         0   0.02891        11       640    0.9168    0.8259    0.8883     0.512   0.04443  0.007114         0
   385/499     5.65G   0.02304  0.006166         0   0.02921        14       640    0.8841    0.8429    0.8839    0.5121    0.0445  0.007164         0
   386/499     5.65G   0.02537  0.006192         0   0.03156         7       640      0.87    0.8237    0.8706    0.5082   0.04442  0.007327         0
   387/499     5.65G   0.02533  0.006402         0   0.03173        10       640    0.8647     0.828    0.8705    0.5088   0.04402  0.007307         0
   388/499     5.65G   0.02415  0.006531         0   0.03068        11       640    0.9204     0.811    0.8836    0.5162   0.04402  0.007179         0
   389/499     5.65G   0.02322   0.00641         0   0.02963        11       640    0.9093    0.8301    0.8816    0.5144   0.04383    0.0072         0
   390/499     5.65G   0.02271  0.006096         0    0.0288        10       640    0.9153    0.8258    0.8817    0.5152   0.04375  0.007261         0
   391/499     5.65G   0.02212   0.00615         0   0.02827        10       640    0.9152     0.828    0.8928    0.5225   0.04387  0.007281         0
   392/499     5.65G   0.02236  0.006252         0   0.02861        13       640    0.9323    0.8238     0.892    0.5159   0.04364  0.007302         0
   393/499     5.65G   0.02256  0.006208         0   0.02877        11       640    0.9186    0.8429    0.8914    0.5147   0.04365  0.007295         0
   394/499     5.65G   0.02118  0.006415         0   0.02759        12       640    0.9348    0.8216    0.8834    0.5168   0.04369  0.007277         0
   395/499     5.65G   0.02218   0.00596         0   0.02814        10       640    0.9141    0.8364    0.8863    0.5076   0.04376  0.007321         0
   396/499     5.65G   0.02423  0.006343         0   0.03058         6       640    0.9174    0.8258    0.8895    0.5116   0.04357  0.007305         0
   397/499     5.65G   0.02161  0.006178         0   0.02779        13       640    0.9163    0.8363    0.8945    0.5199    0.0437  0.007209         0
   398/499     5.65G   0.02331   0.00638         0   0.02969        13       640    0.9155    0.8278    0.8912    0.5175   0.04392  0.007186         0
   399/499     5.65G   0.02272  0.006362         0   0.02908        11       640    0.9256    0.8195     0.886    0.5127    0.0438  0.007226         0
   400/499     5.65G   0.02351  0.006039         0   0.02955         9       640    0.9186    0.8153    0.8798    0.5119   0.04377   0.00728         0
   401/499     5.65G   0.02373  0.006155         0   0.02989         8       640    0.9216    0.8238      0.88    0.5091   0.04351  0.007361         0
   402/499     5.65G   0.02237  0.006266         0   0.02864         9       640    0.9282    0.8237    0.8932    0.5113   0.04318  0.007426         0
   403/499     5.65G   0.02192  0.006368         0   0.02829        10       640    0.9264     0.828    0.8921    0.5119   0.04356  0.007423         0
   404/499     5.65G   0.02448  0.006371         0   0.03086        10       640    0.9024     0.845    0.8917    0.5134   0.04351  0.007436         0
   405/499     5.65G   0.02151  0.006081         0   0.02759        15       640    0.9064    0.8427    0.8902    0.5076   0.04387  0.007358         0
   406/499     5.65G   0.02285  0.006149         0     0.029         9       640     0.925    0.8386    0.8848    0.5166   0.04411  0.007262         0
   407/499     5.65G   0.02291  0.005907         0   0.02882         9       640    0.9357    0.8342    0.8931    0.5202   0.04384  0.007292         0
   408/499     5.65G   0.02279   0.00601         0    0.0288        10       640    0.9313    0.8365    0.8929    0.5188    0.0433  0.007361         0
   409/499     5.65G   0.02297  0.006289         0   0.02926        10       640    0.9154    0.8514    0.8955    0.5161   0.04303   0.00747         0
   410/499     5.65G   0.02475  0.006103         0   0.03086        11       640    0.9295    0.8429    0.8946    0.5178   0.04333  0.007476         0
   411/499     5.65G   0.02181  0.006036         0   0.02785        12       640    0.9207    0.8429    0.8977    0.5216   0.04345  0.007496         0
   412/499     5.65G    0.0236  0.006041         0   0.02964        12       640    0.9309    0.8301    0.8957    0.5275   0.04327  0.007425         0
   413/499     5.65G   0.02382  0.006353         0   0.03017        11       640    0.9068    0.8471    0.8967    0.5279   0.04308  0.007421         0
   414/499     5.65G   0.02198  0.006121         0    0.0281        17       640    0.9245    0.8323    0.8962    0.5214   0.04301  0.007412         0
   415/499     5.65G   0.02384  0.006126         0   0.02996         9       640    0.9375    0.8301    0.8965    0.5195     0.043  0.007433         0
   416/499     5.65G   0.02138  0.006187         0   0.02757        11       640    0.9184    0.8364    0.8846    0.5121   0.04323  0.007469         0
   417/499     5.65G   0.02225  0.006406         0   0.02866         5       640    0.9196    0.8252    0.8796    0.5122   0.04324  0.007462         0
   418/499     5.65G   0.02149  0.006046         0   0.02753        10       640    0.9106    0.8238    0.8836    0.5097   0.04339   0.00745         0
   419/499     5.65G   0.02289  0.006211         0    0.0291         8       640    0.9295    0.8132    0.8872     0.516   0.04339  0.007378         0
   420/499     5.65G    0.0214  0.006065         0   0.02747         6       640      0.93    0.8195    0.8901    0.5173   0.04305  0.007327         0
   421/499     5.65G   0.02197  0.006189         0   0.02816        11       640    0.9135    0.8301    0.8884    0.5197   0.04285  0.007389         0
   422/499     5.65G   0.02209  0.005979         0   0.02807        12       640    0.9216    0.8259    0.8864    0.5148   0.04308  0.007416         0
   423/499     5.65G   0.02159  0.006187         0   0.02778        13       640    0.9234    0.8194    0.8843    0.5123   0.04315  0.007435         0
   424/499     5.65G   0.02176  0.006341         0    0.0281        10       640    0.9267    0.8344    0.8907    0.5147    0.0434  0.007444         0
   425/499     5.65G    0.0218  0.005913         0   0.02772         9       640    0.9236     0.847    0.8936    0.5158   0.04336  0.007469         0
   426/499     5.65G   0.02298  0.005876         0   0.02886         8       640    0.9286    0.8301    0.8848    0.5153   0.04314  0.007501         0
   427/499     5.65G   0.02073  0.005602         0   0.02633        11       640    0.9257    0.8238    0.8903    0.5184   0.04332  0.007448         0
   428/499     5.65G   0.02324  0.006009         0   0.02925         8       640    0.9366    0.8153    0.8893    0.5162    0.0434  0.007419         0
   429/499     5.65G   0.02339   0.00609         0   0.02948         8       640    0.9202    0.8344    0.8939    0.5167     0.044  0.007366         0
   430/499     5.65G   0.02134  0.006074         0   0.02741         8       640    0.9352    0.8276    0.8928    0.5169   0.04458  0.007347         0
   431/499     5.65G   0.02233  0.006071         0    0.0284        10       640    0.9192     0.828    0.8943    0.5108   0.04436  0.007428         0
   432/499     5.65G   0.02245  0.006057         0    0.0285        10       640    0.9046    0.8471    0.8941    0.5087   0.04429  0.007397         0
   433/499     5.65G    0.0221  0.005949         0   0.02805        11       640    0.9481    0.8152    0.8941    0.5123   0.04445  0.007373         0
   434/499     5.65G   0.02216  0.005956         0   0.02812         7       640    0.9344    0.8195    0.8916    0.5148   0.04434  0.007451         0
   435/499     5.65G   0.02157  0.006022         0   0.02759        12       640    0.9429    0.8068    0.8855    0.5213   0.04424  0.007437         0
   436/499     5.65G   0.02127  0.005979         0   0.02725         9       640    0.8876    0.8556    0.8865    0.5186   0.04446  0.007387         0
   437/499     5.65G   0.02231  0.006097         0   0.02841        12       640    0.9524    0.8065    0.8892    0.5236   0.04452  0.007291         0
   438/499     5.65G    0.0232  0.005976         0   0.02918        10       640    0.9243      0.83    0.8912    0.5288    0.0446  0.007278         0
   439/499     5.65G   0.02107  0.005884         0   0.02695        13       640     0.926    0.8237    0.8906    0.5286    0.0447  0.007332         0
   440/499     5.65G   0.02049  0.005895         0   0.02639         7       640    0.9327    0.8237    0.8889    0.5135   0.04517   0.00734         0
   441/499     5.65G   0.02057  0.006302         0   0.02687        12       640    0.9086    0.8471    0.8897    0.5137   0.04511  0.007385         0
   442/499     5.65G   0.02053  0.006035         0   0.02657         8       640     0.904    0.8429    0.8889    0.5132   0.04495  0.007361         0
   443/499     5.65G   0.02434  0.006106         0   0.03045        10       640    0.9258    0.8215    0.8899    0.5186    0.0448  0.007384         0
   444/499     5.65G   0.02157   0.00585         0   0.02742         8       640    0.9286     0.828     0.887    0.5212   0.04459  0.007381         0
   445/499     5.65G   0.02312   0.00594         0   0.02906         9       640    0.9255    0.8195    0.8933    0.5191   0.04437  0.007424         0
   446/499     5.65G   0.02307  0.006245         0   0.02932        12       640    0.9364    0.8174    0.8964    0.5213    0.0442  0.007453         0
   447/499     5.65G   0.02326  0.005925         0   0.02918        12       640    0.9455    0.8132    0.8922    0.5201   0.04408  0.007403         0
   448/499     5.65G   0.02332  0.006177         0   0.02949         9       640    0.9482    0.8238    0.8911    0.5232   0.04442  0.007363         0
   449/499     5.65G   0.02167  0.006208         0   0.02787        12       640    0.9462    0.8215    0.8973    0.5231   0.04415  0.007439         0
   450/499     5.65G   0.02107  0.005818         0   0.02689         8       640    0.9188    0.8407    0.8964    0.5145    0.0438  0.007443         0
   451/499     5.65G   0.02286  0.006017         0   0.02888        10       640    0.9319    0.8428    0.8941     0.514   0.04326  0.007412         0
   452/499     5.65G   0.02159  0.006168         0   0.02776         8       640    0.9246    0.8344    0.8896    0.5149   0.04294  0.007442         0
   453/499     5.65G   0.02099  0.005989         0   0.02698        13       640    0.9315    0.8386    0.8894    0.5196   0.04297  0.007468         0
   454/499     5.65G   0.02089  0.005954         0   0.02684        10       640    0.9533    0.8234    0.8881    0.5251   0.04312  0.007449         0
   455/499     5.65G   0.02189  0.006134         0   0.02802        13       640    0.9532    0.8344      0.89    0.5263    0.0432  0.007453         0
   456/499     5.65G   0.02226  0.006194         0   0.02845         9       640    0.9406    0.8408    0.8936    0.5253   0.04299  0.007416         0
   457/499     5.65G   0.02248    0.0058         0   0.02828        11       640    0.9486    0.8323    0.8957    0.5243   0.04301  0.007355         0
   458/499     5.65G   0.02297   0.00622         0   0.02919        11       640     0.936    0.8386    0.8979    0.5268   0.04314  0.007379         0
   459/499     5.65G   0.02075   0.00599         0   0.02674        14       640    0.9309    0.8301    0.8927    0.5262   0.04315  0.007424         0
   460/499     5.65G   0.02216  0.006075         0   0.02823        10       640    0.9417    0.8237    0.8923    0.5266   0.04301  0.007463         0
   461/499     5.65G   0.02401  0.006133         0   0.03014        12       640    0.9299    0.8449    0.9014    0.5274   0.04273  0.007481         0
   462/499     5.65G   0.02304  0.006308         0   0.02935        15       640    0.9296    0.8471    0.8934    0.5245    0.0428  0.007407         0
   463/499     5.65G   0.02053    0.0059         0   0.02643         8       640    0.9417    0.8236    0.8906    0.5268     0.043  0.007335         0
   464/499     5.65G   0.02007  0.005711         0   0.02578         8       640    0.9442    0.8257    0.8919    0.5236   0.04312  0.007398         0
   465/499     5.65G   0.02232  0.005742         0   0.02806        12       640    0.9188    0.8429    0.8975    0.5321   0.04292   0.00747         0
   466/499     5.65G   0.02019   0.00609         0   0.02628        14       640     0.905    0.8491     0.897    0.5301   0.04273  0.007503         0
   467/499     5.65G   0.02121  0.005791         0     0.027         6       640    0.8925     0.864    0.8954    0.5226   0.04282  0.007438         0
   468/499     5.65G   0.02141  0.005861         0   0.02727         8       640    0.9149    0.8514    0.8916    0.5191   0.04283  0.007381         0
   469/499     5.65G   0.02204  0.006021         0   0.02806         9       640    0.9238    0.8493     0.894    0.5218   0.04243    0.0074         0
   470/499     5.65G   0.02079  0.005591         0   0.02638        11       640    0.9218    0.8512    0.8941    0.5219   0.04224  0.007414         0
   471/499     5.65G   0.02039  0.005756         0   0.02615         8       640    0.9317    0.8429    0.8941    0.5243   0.04233  0.007475         0
   472/499     5.65G    0.0221  0.006156         0   0.02825        14       640    0.9422    0.8323     0.894    0.5279   0.04262  0.007518         0
   473/499     5.65G   0.02199  0.006028         0   0.02802         9       640    0.9403    0.8365    0.8991    0.5311    0.0429  0.007475         0
   474/499     5.65G   0.02247  0.006081         0   0.02855         5       640    0.9273    0.8493    0.8954    0.5284   0.04311  0.007427         0
   475/499     5.65G   0.02212  0.005702         0   0.02782        10       640    0.9507    0.8194    0.8928    0.5205   0.04321  0.007456         0
   476/499     5.65G   0.02147   0.00587         0   0.02734        13       640    0.9371    0.8259    0.8918    0.5203   0.04309   0.00747         0
   477/499     5.65G   0.02062  0.006263         0   0.02688         5       640    0.9004    0.8638    0.8938    0.5235     0.043  0.007493         0
   478/499     5.65G   0.02117  0.005703         0   0.02687        11       640    0.9255    0.8471    0.8984    0.5263   0.04288  0.007479         0
   479/499     5.65G   0.02063  0.006119         0   0.02675         8       640    0.9218    0.8513    0.9018    0.5242   0.04272  0.007468         0
   480/499     5.65G   0.02055  0.005945         0   0.02649         8       640    0.9181    0.8365    0.8961    0.5215   0.04238   0.00753         0
   481/499     5.65G    0.0202  0.005779         0   0.02598        13       640    0.9153    0.8492    0.8943    0.5242   0.04254  0.007515         0
   482/499     5.65G   0.02175  0.006083         0   0.02783         9       640    0.9213    0.8447    0.8918    0.5283   0.04268  0.007477         0
   483/499     5.65G   0.02209  0.006221         0   0.02831        14       640    0.9099    0.8577     0.895    0.5262   0.04275  0.007465         0
   484/499     5.65G   0.01964  0.005762         0    0.0254         8       640     0.936    0.8408    0.9009    0.5297   0.04277  0.007434         0
   485/499     5.65G   0.02138  0.005933         0   0.02731        10       640     0.925    0.8386    0.8998    0.5305   0.04256  0.007475         0
   486/499     5.65G   0.02122  0.005536         0   0.02676         7       640    0.9243    0.8301    0.8984    0.5294   0.04245  0.007505         0
   487/499     5.65G   0.02187  0.005714         0   0.02758         8       640    0.9329    0.8259    0.9018    0.5292   0.04238  0.007559         0
   488/499     5.65G   0.02077   0.00599         0   0.02676        10       640    0.9103    0.8408    0.8977    0.5268   0.04247  0.007561         0
   489/499     5.65G   0.02103  0.005903         0   0.02693        13       640    0.9408     0.811     0.896    0.5257   0.04266  0.007506         0
   490/499     5.65G   0.02202  0.005774         0   0.02779        12       640    0.9175    0.8365    0.8943    0.5258   0.04288  0.007434         0
   491/499     5.65G    0.0205  0.005735         0   0.02623         9       640    0.8898    0.8577    0.8956    0.5241   0.04281  0.007375         0
   492/499     5.65G   0.02005  0.005654         0    0.0257         5       640    0.9254    0.8426    0.8941    0.5258    0.0427  0.007362         0
   493/499     5.65G   0.02063  0.006005         0   0.02663         9       640    0.9195    0.8492    0.8972    0.5308   0.04264  0.007441         0
   494/499     5.65G   0.02256  0.005914         0   0.02847         9       640    0.9111    0.8535    0.8912    0.5284   0.04274  0.007507         0
   495/499     5.65G   0.02159  0.006183         0   0.02777        14       640    0.9045    0.8662    0.8949    0.5254    0.0428  0.007516         0
   496/499     5.65G   0.02086  0.006113         0   0.02697        10       640    0.9333    0.8323    0.8894    0.5229   0.04289  0.007526         0
   497/499     5.65G   0.02141  0.005827         0   0.02723         6       640     0.953    0.8195    0.8868    0.5196   0.04302  0.007502         0
   498/499     5.65G    0.0216  0.006167         0   0.02777        11       640    0.9577    0.8172    0.8897    0.5254   0.04269  0.007501         0
   499/499     5.65G   0.02098  0.005624         0    0.0266         8       640    0.9384    0.8406    0.8901    0.5245   0.04232  0.007524         0
