     0/499     1.14G   0.06115   0.02122         0   0.08237         3       640  0.002703    0.7219  0.002683 0.0003511   0.08102   0.01799         0
     1/499     5.54G   0.04991   0.02088         0   0.07079         0       640  0.003826      0.69  0.002781 0.0003799   0.08018   0.01769         0
     2/499     4.97G   0.05502   0.02063         0   0.07565         3       640  0.003952     0.724  0.002976 0.0004115   0.07868   0.01734         0
     3/499     4.97G   0.05832    0.0179         0   0.07622         2       640  0.003989    0.7261   0.01248    0.0017   0.07663   0.01705         0
     4/499     4.97G   0.04684   0.01744         0   0.06428         1       640   0.01006    0.6242  0.009617  0.001211   0.07526   0.01677         0
     5/499     4.97G   0.05139   0.01669         0   0.06808         1       640  0.003626    0.7367  0.007443 0.0009282    0.0738   0.01653         0
     6/499     4.97G   0.04772   0.01566         0   0.06338         1       640   0.01228    0.6221  0.009049  0.001184   0.07296   0.01624         0
     7/499     4.97G   0.05722   0.01529         0   0.07251         1       640    0.0109      0.62  0.009371   0.00127   0.07244   0.01594         0
     8/499      5.1G    0.0551   0.01496         0   0.07006         1       640   0.01313      0.62   0.00981  0.001386   0.07205   0.01574         0
     9/499      5.1G   0.05023   0.01439         0   0.06463         3       640   0.01231    0.6093  0.009133  0.001203   0.07145   0.01549         0
    10/499      5.1G   0.05372   0.01508         0    0.0688         1       640   0.01353    0.6051  0.009224  0.001218   0.07112   0.01526         0
    11/499      5.1G   0.05432   0.01326         0   0.06759         1       640  0.006619    0.6242   0.01001  0.001431   0.07054   0.01503         0
    12/499      5.1G    0.0604   0.01497         0   0.07538         1       640   0.01388    0.5902   0.01058  0.001433   0.07006    0.0148         0
    13/499      5.1G   0.04631   0.01406         0   0.06036         3       640   0.02057   0.01699  0.009416  0.001213   0.06959   0.01458         0
    14/499      5.1G   0.04654   0.01355         0    0.0601         2       640  0.009577    0.6497   0.01257  0.001826   0.06943   0.01436         0
    15/499      5.1G   0.05204   0.01349         0   0.06552         2       640   0.01701   0.04883  0.004875 0.0007817   0.06929   0.01414         0
    16/499      5.1G   0.05819   0.01325         0   0.07144         1       640   0.01401   0.02972  0.004072 0.0006569   0.06909    0.0139         0
    17/499      5.1G   0.05786   0.01321         0   0.07107         1       640   0.02471   0.04034  0.005937  0.001071   0.06886   0.01365         0
    18/499      5.1G   0.05537   0.01331         0   0.06868         3       640   0.01375   0.03822  0.003582  0.000514   0.06866   0.01347         0
    19/499      5.1G    0.0593   0.01271         0   0.07201         2       640   0.01894   0.02972   0.00701  0.001652   0.06837   0.01333         0
    20/499      5.1G   0.05272   0.01249         0   0.06521         3       640   0.03539   0.03609   0.01193  0.001718   0.06799   0.01318         0
    21/499      5.1G   0.05524   0.01177         0   0.06701         2       640   0.02048   0.03822  0.007448  0.001084   0.06755   0.01307         0
    22/499      5.1G   0.05217   0.01164         0   0.06381         2       640   0.02544   0.04034  0.006837  0.001148    0.0672   0.01304         0
    23/499     5.12G   0.05021   0.01123         0   0.06144         2       640   0.02934   0.03397  0.007628  0.001238   0.06702    0.0128         0
    24/499     5.09G   0.05505   0.01232         0   0.06737         1       640   0.01815   0.07431  0.007735  0.001226   0.06702   0.01272         0
    25/499     5.11G   0.05499   0.01205         0   0.06704         1       640    0.0177   0.06369  0.008126  0.001286   0.06733   0.01261         0
    26/499     5.11G   0.05454   0.01137         0    0.0659         1       640   0.01278   0.07006  0.008108   0.00133   0.06736   0.01234         0
    27/499     5.72G   0.05371   0.01208         0   0.06579         3       640   0.01376   0.07006  0.007649  0.001186   0.06687   0.01225         0
    28/499     5.72G   0.04783   0.01079         0   0.05862         3       640   0.01201     0.155  0.007196  0.001138   0.06719   0.01217         0
    29/499     5.72G   0.05159   0.01165         0   0.06324         1       640  0.009081    0.1571  0.005815  0.000915   0.06756   0.01217         0
    30/499     5.72G   0.04913   0.01145         0   0.06058         2       640  0.006631    0.2102  0.004089 0.0006339   0.06856   0.01242         0
    31/499     5.72G   0.05902    0.0123         0   0.07132         4       640   0.00605    0.1868  0.003464 0.0005334   0.06928   0.01335         0
    32/499     5.72G   0.05351   0.01092         0   0.06443         4       640  0.007227    0.2017  0.003967 0.0005836    0.0691   0.01247         0
    33/499     5.72G   0.05553   0.01145         0   0.06698         1       640   0.01023    0.1868   0.00535 0.0008904   0.06855    0.0115         0
    34/499     5.72G    0.0557   0.01218         0   0.06788         6       640   0.01138    0.1975  0.006379 0.0009352   0.06809   0.01204         0
    35/499     5.72G   0.05562   0.01056         0   0.06619         2       640   0.01368     0.121  0.006067 0.0009205    0.0676   0.01153         0
    36/499     5.72G   0.05623   0.01123         0   0.06746         4       640   0.01296   0.07643  0.005295   0.00075   0.06734   0.01157         0
    37/499     5.72G   0.04928   0.01009         0   0.05937         1       640   0.02031   0.07643  0.007265  0.001039   0.06721   0.01117         0
    38/499     5.72G   0.05938   0.01145         0   0.07083         2       640   0.02692    0.0828  0.007934   0.00113   0.06756   0.01102         0
    39/499     5.72G   0.05683   0.01139         0   0.06821         4       640   0.03261   0.06794   0.00881  0.001381   0.06758   0.01092         0
    40/499     5.72G   0.06084   0.01059         0   0.07143         4       640    0.0312   0.07405  0.008137  0.001389   0.06779   0.01097         0
    41/499     5.72G   0.06236   0.01136         0   0.07371         4       640   0.01202   0.07643   0.00735  0.001986   0.06773   0.01162         0
    42/499     5.72G   0.05391   0.01136         0   0.06526         2       640  0.009817   0.08705  0.005263 0.0009318   0.06756   0.01246         0
    43/499     5.72G   0.04956  0.009312         0   0.05887         2       640  0.008685    0.1465  0.004226 0.0006141   0.06719   0.01216         0
    44/499     5.72G   0.04884   0.01087         0   0.05971         0       640   0.01103    0.0913  0.004869 0.0007053   0.06786    0.0117         0
    45/499     5.72G   0.05765   0.01121         0   0.06886         4       640   0.02232   0.02548  0.005441 0.0008355   0.06783   0.01117         0
    46/499     5.72G   0.05728   0.01165         0   0.06892         4       640   0.01339    0.1189  0.005934 0.0009524    0.0685   0.01116         0
    47/499     5.72G   0.04907   0.01021         0   0.05928         2       640   0.01239   0.05945  0.007818   0.00208   0.06894   0.01136         0
    48/499     5.72G   0.04507    0.0097         0   0.05477         1       640   0.01304   0.09766  0.005978 0.0009184     0.069   0.01141         0
    49/499     5.72G   0.04723  0.009572         0    0.0568         1       640   0.02051   0.05732  0.006668 0.0009971   0.06903   0.01088         0
    50/499     5.72G   0.05087  0.009953         0   0.06082         2       640   0.01859   0.06157  0.005992 0.0009953   0.06881   0.01057         0
    51/499     5.72G   0.05569   0.01087         0   0.06656         4       640   0.01487   0.07856  0.005414 0.0008299   0.06884    0.0111         0
    52/499     5.72G   0.05188  0.009257         0   0.06113         1       640   0.01444   0.08493  0.005794 0.0008854   0.06855    0.0113         0
    53/499     5.72G   0.05943   0.01026         0   0.06969         2       640   0.02302   0.05732  0.007115  0.001054   0.06812   0.01055         0
    54/499     5.72G   0.05481   0.01164         0   0.06645         5       640   0.02452   0.04034  0.007172  0.001442    0.0678   0.01053         0
    55/499     5.72G   0.05292   0.01042         0   0.06335         2       640   0.02003   0.06157  0.006053   0.00108   0.06733   0.01036         0
    56/499     5.72G   0.05911   0.01027         0   0.06938         3       640   0.01879   0.07219  0.005801 0.0007833   0.06713   0.01023         0
    57/499     5.72G   0.04991   0.01109         0     0.061         5       640   0.05425    0.0276  0.007321 0.0009951   0.06684   0.01022         0
    58/499     5.72G   0.04809    0.0103         0   0.05839         3       640   0.02705   0.04034  0.006104 0.0009171   0.06629   0.01021         0
    59/499     5.72G   0.05239  0.009827         0   0.06222         1       640   0.03455   0.02123  0.006362  0.001031    0.0656   0.01028         0
    60/499     5.72G   0.05528  0.008576         0   0.06386         3       640   0.01232   0.04671  0.005206 0.0008084   0.06578    0.0102         0
    61/499     5.72G   0.04777  0.009108         0   0.05688         1       640   0.01956   0.03185  0.005851 0.0008927   0.06596    0.0102         0
    62/499     5.72G    0.0505   0.01004         0   0.06054         3       640   0.02365   0.03822  0.006058  0.000929   0.06587   0.01026         0
    63/499     5.72G   0.04733  0.008535         0   0.05586         1       640   0.01674   0.03185  0.005309 0.0007617   0.06509   0.01029         0
    64/499     5.72G    0.0514  0.009559         0   0.06096         1       640   0.01841    0.0552  0.005918  0.000862   0.06521   0.01044         0
    65/499     5.72G   0.05326  0.009489         0   0.06275         2       640   0.03146   0.05096    0.0072   0.00104   0.06566   0.01043         0
    66/499     5.72G   0.04758  0.008768         0   0.05635         1       640   0.04495    0.0552  0.009677  0.001504   0.06802   0.01025         0
    67/499     5.72G   0.05085  0.008243         0   0.05909         1       640   0.03403   0.06369  0.009393  0.001345   0.06867   0.01036         0
    68/499     5.72G    0.0539  0.009045         0   0.06295         4       640   0.02762   0.04459  0.008276  0.001163   0.07018  0.009316         0
    69/499     5.72G   0.04791   0.00875         0   0.05666         1       640   0.03015   0.03822  0.008221   0.00128   0.06832  0.009805         0
    70/499     5.72G   0.05194  0.009747         0   0.06168         2       640    0.0426   0.04246  0.009381  0.001466   0.06792  0.009725         0
    71/499     5.72G   0.05114  0.009521         0   0.06066         2       640   0.04691    0.0552   0.01276  0.001994    0.0682  0.009929         0
    72/499     5.72G   0.05545  0.009631         0   0.06508         3       640   0.03984   0.06794   0.01129  0.001862   0.06933   0.01026         0
    73/499     5.72G   0.05022  0.009651         0   0.05987         1       640   0.05281    0.0828   0.01394  0.002259   0.06721   0.01146         0
    74/499     5.72G   0.05601  0.009119         0   0.06513         2       640   0.05561   0.08705   0.01199  0.001958   0.06756   0.01162         0
    75/499     5.72G   0.05395   0.00831         0   0.06226         2       640   0.03448    0.1422   0.01369  0.002289   0.07157   0.01051         0
    76/499     5.72G    0.0625  0.009406         0    0.0719         3       640   0.02603    0.2803   0.01425  0.002275   0.08187   0.01131         0
    77/499     5.72G   0.05277  0.008758         0   0.06153         1       640   0.01594     0.327  0.009292  0.001486   0.08453   0.02102         0
    78/499     5.72G   0.05082  0.008103         0   0.05893         1       640   0.02077    0.1932  0.009656  0.001617   0.07082   0.02141         0
    79/499     5.72G    0.0495  0.007695         0    0.0572         1       640    0.0175    0.1699   0.01235  0.002304   0.06904   0.02781         0
    80/499     5.72G   0.05078  0.009309         0   0.06009         3       640   0.01746    0.1019  0.006732  0.001183   0.06835   0.02387         0
    81/499     5.72G    0.0565  0.007753         0   0.06426         2       640   0.02784   0.04034  0.006758  0.001165   0.06839   0.01591         0
    82/499     5.72G   0.05027  0.009589         0   0.05986         2       640   0.02223   0.09342  0.007557  0.001214   0.06864   0.01328         0
    83/499     5.72G   0.05127  0.009466         0   0.06074         3       640   0.01825    0.1019  0.006679   0.00104   0.06877   0.01173         0
    84/499     5.72G   0.04936   0.01037         0   0.05974         4       640   0.01572    0.1083  0.006234  0.001037   0.06817   0.01048         0
    85/499     5.72G   0.05356  0.008928         0   0.06249         2       640   0.01722   0.09342   0.00707  0.001299   0.06854   0.01013         0
    86/499     5.72G   0.05642   0.01008         0    0.0665         4       640   0.01424   0.08493   0.01081  0.001959   0.06766   0.01012         0
    87/499     5.72G   0.04391  0.008772         0   0.05268         3       640   0.01379   0.07431  0.007046  0.001042   0.06718   0.01019         0
    88/499     5.72G   0.04961  0.008791         0    0.0584         2       640   0.01011     0.104  0.006559  0.001107   0.06826    0.0105         0
    89/499     5.72G    0.0486  0.009475         0   0.05807         1       640  0.009836    0.1189  0.005334 0.0008434   0.06865   0.01059         0
    90/499     5.72G   0.05152  0.008491         0   0.06001         2       640   0.01345   0.05732  0.006049   0.00102   0.06859  0.009949         0
    91/499     5.72G   0.04656  0.009702         0   0.05626         1       640    0.0155   0.07431  0.005801 0.0009051   0.06887  0.009639         0
    92/499     5.72G   0.04857  0.008777         0   0.05734         2       640   0.01847   0.08068  0.007458  0.001083   0.06761  0.009573         0
    93/499     5.72G   0.05459  0.009893         0   0.06449         4       640   0.01998   0.07856  0.006992  0.001088   0.06967  0.009634         0
    94/499     5.72G   0.05736   0.01025         0   0.06761         2       640     0.022   0.08917  0.007315  0.001089   0.07039  0.009574         0
    95/499     5.72G   0.05447  0.009373         0   0.06384         5       640   0.02383   0.08705  0.008144  0.001317   0.07129  0.009404         0
    96/499     5.72G   0.04968  0.009845         0   0.05953         2       640   0.02068    0.1274  0.007971  0.001287   0.07736  0.008973         0
    97/499     5.72G   0.05407   0.00986         0   0.06393         5       640   0.02242     0.138  0.008985   0.00161   0.08619  0.008052         0
    98/499     5.72G   0.06211    0.0089         0   0.07101         3       640  0.004566    0.1975  0.001787 0.0002993   0.09911   0.01819         0
    99/499     5.72G    0.0553  0.009825         0   0.06512         2       640  0.003499    0.3206  0.001675 0.0002657    0.1003   0.03616         0
   100/499     5.72G   0.05196  0.009909         0   0.06187         3       640  0.002549    0.2951   0.00124 0.0001915   0.09948   0.05672         0
   101/499     5.72G   0.05165  0.009723         0   0.06137         1       640  0.002058    0.2675 0.0008283 0.0001217   0.09759   0.03601         0
   102/499     5.72G   0.05106  0.009758         0   0.06082         3       640  0.001744    0.3397 0.0006942 9.943e-05   0.09575   0.02007         0
   103/499     5.72G   0.05576  0.008477         0   0.06423         1       640  0.001927    0.3631  0.000857  0.000128   0.09369   0.01248         0
   104/499     5.72G   0.06018  0.008757         0   0.06894         4       640  0.003035    0.3355  0.001493 0.0002146   0.09048  0.009021         0
   105/499     5.72G   0.05185  0.009787         0   0.06163         3       640  0.006159     0.242    0.0035 0.0005637   0.08412  0.007988         0
   106/499     5.72G     0.057  0.008734         0   0.06573         1       640   0.03238   0.07219  0.008545  0.001421   0.07782  0.008213         0
   107/499     5.72G   0.05929  0.009001         0   0.06829         2       640   0.04387   0.08493   0.01296  0.002189   0.07529  0.008267         0
   108/499     5.72G   0.06105  0.008898         0   0.06995         3       640    0.0606    0.1486   0.02272  0.004174    0.0691   0.00902         0
   109/499     5.72G   0.05584  0.008211         0   0.06405         1       640   0.01701   0.05945   0.00968   0.00122   0.06652  0.009622         0
   110/499     5.72G   0.05203  0.009085         0   0.06112         2       640   0.03356   0.01911  0.008948  0.001238   0.06589  0.009775         0
   111/499     5.72G   0.05375  0.008127         0   0.06188         1       640   0.02482   0.02123   0.01355  0.001973   0.06566  0.009788         0
   112/499     5.72G   0.04851  0.009027         0   0.05754         3       640  0.004886    0.4246  0.005131  0.000731   0.06692   0.01141         0
   113/499     5.72G   0.06297    0.0104         0   0.07337         4       640  0.004173    0.4225  0.005075 0.0007547   0.06648   0.01054         0
   114/499     5.72G    0.0526  0.009033         0   0.06164         1       640  0.004153    0.4395  0.005933 0.0008633   0.06629  0.009919         0
   115/499     5.72G   0.05704  0.009847         0   0.06689         4       640  0.004714   0.02548  0.005361 0.0007634   0.06644   0.01967         0
   116/499     5.72G   0.05172  0.008393         0   0.06011         1       640  0.004714   0.02548  0.005361 0.0007634   0.06644   0.01967         0
   117/499     5.72G   0.05376  0.009331         0   0.06309         2       640  0.002999    0.3546   0.00409 0.0005944   0.06731   0.02507         0
   118/499     5.72G   0.05222  0.008465         0   0.06068         1       640  0.002955    0.3397  0.003921 0.0005462   0.06758   0.02439         0
   119/499     5.72G   0.05573  0.009324         0   0.06505         1       640  0.003623    0.6837   0.00435 0.0006342   0.06763   0.01835         0
   120/499     5.72G   0.05097  0.008561         0   0.05953         1       640  0.003941    0.7134  0.005028 0.0007807   0.06712   0.01177         0
   121/499     5.72G   0.04841  0.009845         0   0.05826         6       640  0.003793    0.6964  0.004725 0.0007341   0.06675  0.009934         0
   122/499     5.72G   0.05106  0.009542         0    0.0606         1       640  0.003621    0.6921  0.004174 0.0006126   0.06705  0.009583         0
   123/499     5.72G   0.05451  0.009191         0    0.0637         5       640   0.02538   0.01486  0.004273 0.0006351    0.0671  0.009573         0
   124/499     5.72G   0.05128  0.008617         0    0.0599         2       640   0.03033   0.03353  0.006124    0.0008   0.06722  0.009667         0
   125/499     5.72G   0.05204   0.01001         0   0.06205         2       640   0.03033   0.03353  0.006124    0.0008   0.06722  0.009667         0
   126/499     5.72G   0.05022  0.008032         0   0.05825         2       640   0.02772    0.1146  0.009016  0.001332   0.06862  0.009581         0
   127/499     5.72G   0.05496  0.008176         0   0.06313         1       640   0.02202    0.1253  0.008333  0.001357   0.07367  0.009148         0
   128/499     5.72G   0.04813   0.01017         0    0.0583         2       640   0.01275   0.08917  0.006255 0.0009391   0.06952   0.01161         0
   129/499     5.72G   0.05315    0.0106         0   0.06375         4       640   0.01084    0.1316   0.00573 0.0008311   0.07029   0.01798         0
   130/499     5.72G   0.05149   0.00891         0    0.0604         1       640   0.01135    0.1783  0.005524 0.0008281   0.07058   0.02724         0
   131/499     5.72G   0.04541  0.007406         0   0.05282         0       640   0.01163     0.189  0.005806 0.0008425   0.07119   0.03461         0
   132/499     5.72G   0.05206  0.007761         0   0.05982         2       640   0.01212    0.1953  0.006403 0.0009624   0.07137   0.03689         0
   133/499     5.72G   0.05188  0.008604         0   0.06048         4       640    0.0177    0.2017  0.008171  0.001292   0.06971   0.01595         0
   134/499     5.72G   0.04806  0.008761         0   0.05682         0       640    0.0177    0.2017  0.008171  0.001292   0.06971   0.01595         0
   135/499     5.72G   0.05102  0.009197         0   0.06022         2       640   0.02281    0.2059  0.009492  0.001418   0.06908   0.01232         0
   136/499     5.72G   0.04841  0.008189         0    0.0566         3       640   0.02405    0.2017   0.01013  0.001492   0.06836   0.01045         0
   137/499     5.72G   0.05314    0.0092         0   0.06234         2       640   0.02918    0.1699   0.01412  0.002137    0.0712  0.009994         0
   138/499     5.72G   0.05739  0.009972         0   0.06736         4       640    0.0137    0.2463  0.007061  0.001108   0.06875   0.01885         0
   139/499     5.72G   0.05635   0.01033         0   0.06668         5       640   0.01073    0.3036  0.006142 0.0009591   0.06874     0.022         0
   140/499     5.72G   0.05311  0.007849         0   0.06096         2       640  0.009022      0.31  0.005845 0.0008453   0.06924   0.03188         0
   141/499     5.72G   0.05104  0.008834         0   0.05988         4       640   0.01154    0.3461  0.007023  0.001052   0.06937   0.03015         0
   142/499     5.72G    0.0592  0.009651         0   0.06885         3       640   0.01413      0.31  0.009118  0.001298   0.06901   0.01843         0
   143/499     5.72G   0.04929  0.009347         0   0.05864         1       640   0.01413      0.31  0.009118  0.001298   0.06901   0.01843         0
   144/499     5.72G   0.05613  0.008852         0   0.06498         5       640   0.01885    0.2866   0.01074  0.001629   0.06808   0.01274         0
   145/499     5.72G   0.05503  0.008162         0   0.06319         2       640   0.02347    0.3036   0.01272  0.001831   0.06845   0.01113         0
   146/499     5.72G   0.05172  0.007482         0   0.05921         2       640   0.03189    0.1592   0.01503  0.002403   0.06817   0.01029         0
   147/499     5.72G   0.05253  0.009732         0   0.06226         4       640   0.03702    0.1486    0.0176  0.002632    0.0676   0.01006         0
   148/499     5.72G   0.05047  0.008528         0     0.059         1       640   0.03568     0.276   0.01935  0.003008   0.06645   0.01007         0
   149/499     5.72G   0.05137  0.009356         0   0.06073         2       640   0.04717   0.09766   0.01892  0.002963   0.06609      0.01         0
   150/499     5.72G   0.05758  0.009972         0   0.06756         3       640   0.05351    0.1083   0.02007  0.003084   0.06635  0.009929         0
   151/499     5.72G   0.04998  0.008424         0    0.0584         1       640   0.07757    0.2335    0.0379  0.006015   0.06935  0.009148         0
   152/499     5.72G   0.05376  0.007241         0     0.061         1       640   0.07757    0.2335    0.0379  0.006015   0.06935  0.009148         0
   153/499     5.72G   0.05256  0.008311         0   0.06087         3       640   0.09457     0.138    0.0339  0.005277   0.06911   0.00919         0
   154/499     5.72G   0.05719  0.009493         0   0.06669         4       640    0.1187    0.1656   0.04207  0.007789   0.06783  0.009284         0
   155/499     5.72G   0.05619  0.008724         0   0.06491         2       640    0.1154    0.1656   0.04137  0.007366   0.06923  0.008996         0
   156/499     5.72G   0.05562  0.009194         0   0.06481         3       640    0.1761   0.07219   0.02948  0.005638   0.07205  0.008674         0
   157/499     5.72G   0.05446  0.009952         0   0.06441         6       640    0.1501    0.1019   0.04042   0.00897   0.07119  0.008766         0
   158/499     5.72G   0.04936  0.007726         0   0.05709         1       640    0.1059    0.1253   0.03552  0.007285   0.07156  0.008728         0
   159/499     5.72G   0.05165  0.009729         0   0.06138         2       640    0.1505     0.104   0.03686  0.008405   0.07248  0.008809         0
   160/499     5.72G   0.04668  0.008381         0   0.05506         1       640    0.1442   0.05732   0.02443   0.00544   0.07222  0.008935         0
   161/499     5.72G   0.04847  0.008649         0   0.05712         2       640    0.1442   0.05732   0.02443   0.00544   0.07222  0.008935         0
   162/499     5.72G   0.04816  0.009808         0   0.05797         3       640    0.0423    0.1168   0.01564  0.002502   0.07224  0.008971         0
   163/499     5.72G   0.04866  0.008584         0   0.05724         2       640   0.04259    0.1507   0.01804  0.002976   0.07219  0.008942         0
   164/499     5.72G   0.05595  0.008307         0   0.06426         3       640   0.04806     0.121   0.02075  0.003553    0.0725  0.009042         0
   165/499     5.72G   0.05332  0.009486         0    0.0628         2       640    0.1942    0.1423   0.06046   0.01253   0.07235  0.008832         0
   166/499     5.72G   0.04735  0.008422         0   0.05578         1       640    0.1329    0.2208   0.05878   0.01129   0.07129  0.008913         0
   167/499     5.72G   0.05396  0.009042         0     0.063         3       640   0.09508    0.1529   0.03615   0.00585   0.06993  0.009114         0
   168/499     5.72G   0.04195  0.008542         0   0.05049         2       640    0.1738    0.1975   0.06339   0.01165   0.07349  0.008523         0
   169/499     5.72G   0.04577  0.008579         0   0.05435         1       640    0.2493    0.1953   0.09117   0.01607   0.07485    0.0086         0
   170/499     5.72G   0.05622  0.009924         0   0.06615         5       640    0.2493    0.1953   0.09117   0.01607   0.07485    0.0086         0
   171/499     5.72G   0.04958  0.008882         0   0.05846         1       640    0.1456    0.2696   0.08179   0.01543   0.07589  0.008387         0
   172/499     5.72G   0.05559   0.00863         0   0.06422         1       640     0.162    0.2922   0.08654   0.01622   0.07689  0.008254         0
   173/499     5.72G   0.05976  0.008526         0   0.06828         3       640    0.1552     0.276   0.08109   0.01504   0.07778   0.00816         0
   174/499     5.72G   0.05551  0.008967         0   0.06448         3       640    0.1557    0.1996   0.07108   0.01228   0.07425   0.00838         0
   175/499     5.72G   0.04871  0.009101         0   0.05781         1       640    0.1396    0.2059   0.05941  0.009864    0.0734  0.008592         0
   176/499     5.72G   0.05424  0.008888         0   0.06313         3       640   0.04827    0.2463   0.02148  0.003522   0.07217  0.008988         0
   177/499     5.72G    0.0495  0.008498         0     0.058         0       640   0.03067    0.2654   0.01491  0.002167   0.07149  0.009112         0
   178/499     5.72G   0.05401  0.009335         0   0.06334         2       640   0.01618    0.2569  0.008089  0.001188   0.07261   0.01044         0
   179/499     5.72G   0.04804  0.008389         0   0.05643         4       640   0.01618    0.2569  0.008089  0.001188   0.07261   0.01044         0
   180/499     5.72G   0.04911  0.009781         0   0.05889         4       640   0.01274    0.3121   0.00673 0.0009582   0.07212   0.01641         0
   181/499     5.72G   0.05206  0.008478         0   0.06054         3       640   0.01373    0.3418  0.007448  0.001034   0.07203   0.02228         0
   182/499     5.72G   0.06149  0.009842         0   0.07133         4       640   0.01579    0.3054  0.008461  0.001129   0.07156   0.03096         0
   183/499     5.72G   0.04607  0.008979         0   0.05505         1       640   0.01852    0.3524   0.01017  0.001326   0.06983   0.02783         0
   184/499     5.72G   0.04231   0.00876         0   0.05107         2       640   0.01761    0.4246   0.01193  0.001596   0.06819   0.05442         0
   185/499     5.72G   0.05474  0.009721         0   0.06446         3       640   0.01262    0.3822  0.008112  0.001067   0.06911   0.06489         0
   186/499     5.72G   0.04617   0.00911         0   0.05528         2       640   0.01337    0.3715   0.00852  0.001184   0.06859   0.03682         0
   187/499     5.72G   0.04808  0.009485         0   0.05757         3       640  0.007897    0.2781  0.004586 0.0006894   0.07075   0.04137         0
   188/499     5.72G   0.05468  0.009205         0   0.06389         1       640  0.007897    0.2781  0.004586 0.0006894   0.07075   0.04137         0
   189/499     5.72G   0.04523  0.008947         0   0.05417         2       640   0.01433    0.2505  0.007622  0.001363   0.07659   0.02576         0
   190/499     5.72G   0.04801  0.009457         0   0.05747         1       640    0.0319    0.1805   0.01312   0.00257   0.07754   0.01527         0
   191/499     5.72G   0.05427   0.00951         0   0.06378         2       640   0.06294    0.1444   0.02226   0.00441   0.07808   0.01523         0
   192/499     5.72G   0.04192   0.01092         0   0.05284         3       640   0.06521    0.1338     0.023  0.004635   0.07761   0.01782         0
   193/499     5.72G    0.0515  0.008381         0   0.05988         1       640   0.03329    0.1379   0.01423  0.002476    0.0729   0.01477         0
   194/499     5.72G   0.04435  0.008016         0   0.05237         1       640    0.0461   0.02972   0.01025  0.001557    0.0688   0.02047         0
   195/499     5.72G   0.04563  0.007937         0   0.05357         1       640   0.09514    0.1868   0.02629  0.005249   0.08433    0.1778         0
   196/499     5.72G   0.04787  0.009825         0   0.05769         3       640   0.02737    0.2272  0.009073  0.001682   0.08204    0.3031         0
   197/499     5.72G   0.04437  0.006932         0   0.05131         1       640   0.02737    0.2272  0.009073  0.001682   0.08204    0.3031         0
   198/499     5.72G   0.04705  0.008791         0   0.05584         0       640   0.03569    0.2272   0.01473  0.002826   0.08188    0.2328         0
   199/499     5.72G   0.03858  0.008602         0   0.04719         2       640   0.07705    0.2017   0.02109  0.004213   0.08106    0.1309         0
   200/499     5.72G   0.04812  0.008132         0   0.05625         2       640    0.1124    0.1423   0.03015  0.006322   0.07988   0.06334         0
   201/499     5.72G   0.05041     0.008         0   0.05841         1       640   0.08553   0.06157   0.01625  0.003473    0.0788   0.06308         0
   202/499     5.72G   0.04718  0.007565         0   0.05474         1       640   0.02616     0.104   0.01305  0.002337   0.07689   0.02955         0
   203/499     5.72G   0.04717   0.00884         0   0.05601         2       640   0.02563    0.3694   0.01683   0.00294   0.07288   0.01433         0
   204/499     5.72G   0.04746  0.007857         0   0.05532         1       640    0.0481    0.2972   0.02544  0.004816   0.06896  0.009852         0
   205/499     5.72G   0.05609     0.008         0   0.06409         1       640   0.07479    0.2909   0.03534  0.005682   0.06647    0.0112         0
   206/499     5.72G   0.05344   0.01086         0    0.0643         3       640   0.07479    0.2909   0.03534  0.005682   0.06647    0.0112         0
   207/499     5.72G   0.05133  0.008337         0   0.05967         1       640   0.08724    0.2887   0.04346   0.00736    0.0658   0.01077         0
   208/499     5.72G   0.05084   0.01032         0   0.06116         6       640    0.1051    0.2824   0.05706   0.01055   0.06475   0.01144         0
   209/499     5.72G   0.05414  0.009013         0   0.06315         2       640    0.0462    0.5626   0.05345  0.009697   0.06508   0.01285         0
   210/499     5.72G   0.05361      0.01         0   0.06361         2       640   0.05491    0.4926   0.04766  0.008298   0.06481   0.01255         0
   211/499     5.72G   0.04923  0.008161         0   0.05739         2       640   0.07307    0.3227   0.04016  0.006273   0.06486   0.01153         0
   212/499     5.72G    0.0433  0.009846         0   0.05315         2       640    0.0381    0.1108   0.03472  0.006388    0.0657   0.01118         0
   213/499     5.72G   0.05368   0.01046         0   0.06414         3       640   0.08996   0.07006   0.03212   0.00566   0.06565   0.01091         0
   214/499     5.72G   0.04673  0.008357         0   0.05509         1       640   0.06646   0.09554   0.02762  0.004567    0.0676   0.02404         0
   215/499     5.72G   0.05329   0.01028         0   0.06357         4       640   0.06646   0.09554   0.02762  0.004567    0.0676   0.02404         0
   216/499     5.72G   0.04924   0.01017         0   0.05942         1       640    0.1178   0.06157   0.03005  0.005646   0.06837   0.02976         0
   217/499     5.72G   0.05457   0.01046         0   0.06503         1       640    0.1463   0.05945   0.02545  0.004536   0.06889   0.02167         0
   218/499     5.72G   0.04709  0.008683         0   0.05577         1       640   0.06886    0.1295   0.02941  0.005196   0.06845   0.01713         0
   219/499     5.72G   0.05648  0.009185         0   0.06566         2       640   0.08031    0.1592   0.03332  0.005516   0.06785   0.01072         0
   220/499     5.72G   0.04166  0.008789         0   0.05045         1       640   0.08658    0.2463   0.03737  0.005696   0.06659   0.01002         0
   221/499     5.72G   0.04068  0.009182         0   0.04986         2       640   0.07626    0.2399   0.03893  0.005833   0.06638  0.009852         0
   222/499     5.72G   0.04572   0.01023         0   0.05596         2       640   0.05733    0.2251   0.02903  0.003922   0.06672  0.009759         0
   223/499     5.72G   0.05915  0.009683         0   0.06883         2       640   0.08972     0.121   0.03843  0.005256   0.06606  0.009894         0
   224/499     5.72G   0.05588  0.008078         0   0.06396         1       640   0.08972     0.121   0.03843  0.005256   0.06606  0.009894         0
   225/499     5.72G   0.05573  0.008681         0   0.06441         1       640   0.07261   0.09979   0.02933  0.004137   0.06612  0.009902         0
   226/499     5.72G   0.04764  0.009179         0   0.05682         1       640   0.04804    0.2442   0.02495  0.003486   0.06627   0.00988         0
   227/499     5.72G   0.04738   0.01041         0   0.05779         4       640   0.04252    0.2056   0.02236  0.002845   0.06654  0.009797         0
   228/499     5.72G    0.0444  0.008548         0   0.05295         1       640   0.05898   0.08068   0.02517  0.003191   0.06659  0.009798         0
   229/499     5.72G   0.05052    0.0087         0   0.05922         1       640   0.08283    0.2123   0.04008  0.005392   0.06589   0.01002         0
   230/499     5.72G   0.05494  0.009642         0   0.06458         1       640   0.06684    0.2059   0.03232  0.004314   0.06586   0.01021         0
   231/499     5.72G   0.04909  0.009635         0   0.05872         2       640   0.05346    0.1932   0.02239  0.003202   0.06587   0.01278         0
   232/499     5.72G   0.04453  0.008744         0   0.05327         1       640   0.05197    0.2824   0.02635  0.003768   0.06548    0.0139         0
   233/499     5.72G   0.04049  0.009173         0   0.04966         1       640   0.05197    0.2824   0.02635  0.003768   0.06548    0.0139         0
   234/499     5.72G   0.04941  0.009213         0   0.05862         3       640   0.05613    0.3079   0.02779  0.004011   0.06545   0.01315         0
   235/499     5.72G   0.05207  0.008425         0   0.06049         3       640   0.07903    0.1592   0.03487  0.004962   0.06532   0.01107         0
   236/499     5.72G   0.05061  0.009662         0   0.06027         1       640   0.09284    0.2548   0.04442  0.006843   0.06503   0.01059         0
   237/499     5.72G   0.05286  0.008623         0   0.06149         2       640   0.08203    0.1783   0.03561  0.005284   0.06521   0.01039         0
   238/499     5.72G   0.05792  0.008706         0   0.06662         2       640   0.05843    0.2633   0.02609  0.003797   0.06551   0.01046         0
   239/499     5.72G   0.05459   0.01083         0   0.06542         4       640   0.05329    0.2059   0.02349  0.003397   0.06553   0.01062         0
   240/499     5.72G   0.04802  0.009655         0   0.05768         4       640   0.04499    0.2081   0.01968  0.002847   0.06552   0.01165         0
   241/499     5.72G   0.04501  0.008329         0   0.05334         1       640   0.04487    0.2399    0.0214  0.003011   0.06527   0.01333         0
   242/499     5.72G   0.05101  0.008586         0    0.0596         2       640   0.04487    0.2399    0.0214  0.003011   0.06527   0.01333         0
   243/499     5.72G   0.04289  0.009439         0   0.05233         4       640   0.04827    0.1507   0.02234  0.003185   0.06501   0.01296         0
   244/499     5.72G   0.04819  0.009224         0   0.05742         1       640   0.05209    0.1401   0.02322  0.003155   0.06488    0.0123         0
   245/499     5.72G   0.05425  0.009335         0   0.06358         4       640   0.04799     0.155   0.02298  0.003207   0.06477   0.01222         0
   246/499     5.72G   0.03869  0.009168         0   0.04786         1       640   0.04576    0.2866   0.02507  0.003454   0.06462   0.01138         0
   247/499     5.72G   0.05992  0.009627         0   0.06955         3       640   0.07096    0.1486    0.0317   0.00414   0.06507   0.01032         0
   248/499     5.72G   0.04434  0.009202         0   0.05354         1       640    0.0569    0.2399   0.03125  0.004049   0.06513   0.01003         0
   249/499     5.72G   0.05254  0.008076         0   0.06061         1       640   0.06013    0.1465   0.02751  0.003791   0.06504  0.009932         0
   250/499     5.72G   0.04884  0.008536         0   0.05737         2       640   0.08004    0.1953   0.04303  0.005954   0.06511  0.009776         0
   251/499     5.72G   0.04114  0.008694         0   0.04984         0       640   0.08004    0.1953   0.04303  0.005954   0.06511  0.009776         0
   252/499     5.72G   0.04793  0.009316         0   0.05725         2       640   0.07896    0.2059   0.04393  0.006201   0.06528  0.009725         0
   253/499     5.72G   0.05015  0.009159         0   0.05931         2       640   0.08598    0.1676   0.04757  0.006694   0.06532  0.009693         0
   254/499     5.72G   0.05408  0.009006         0   0.06308         1       640   0.06073    0.1932   0.03297  0.004505   0.06555  0.009675         0
   255/499     5.72G   0.05276  0.009653         0   0.06241         3       640   0.04365    0.2314   0.02405  0.003302   0.06588  0.009666         0
   256/499     5.72G   0.04582  0.008778         0    0.0546         1       640   0.04773    0.1592   0.02212  0.002949   0.06587  0.009708         0
   257/499     5.72G   0.04822  0.009356         0   0.05758         4       640   0.05308    0.1614   0.02528  0.003557   0.06564  0.009726         0
   258/499     5.72G   0.04816  0.009945         0    0.0581         4       640   0.05562    0.2059   0.02879  0.003914   0.06598  0.009615         0
   259/499     5.72G   0.05493  0.009172         0    0.0641         4       640   0.06887     0.172   0.03618  0.005132   0.06653  0.009474         0
   260/499     5.72G   0.04976   0.00891         0   0.05867         4       640   0.06887     0.172   0.03618  0.005132   0.06653  0.009474         0
   261/499     5.72G   0.04582  0.009253         0   0.05507         4       640   0.07612    0.1741   0.04039  0.005658   0.06669  0.009401         0
   262/499     5.72G   0.05163  0.009421         0   0.06105         3       640   0.05684    0.2272   0.03141  0.004515   0.06713  0.009321         0
   263/499     5.72G   0.05193  0.009592         0   0.06152         4       640   0.05607    0.2144   0.03109  0.004367   0.06706  0.009337         0
   264/499     5.72G    0.0442  0.009234         0   0.05344         1       640   0.05103    0.2081    0.0286  0.003881   0.06685  0.009394         0
   265/499     5.73G   0.05203  0.009659         0   0.06169         1       640   0.05028    0.1316   0.02189  0.002871   0.06654  0.009475         0
   266/499     5.73G   0.05913  0.009219         0   0.06835         4       640   0.03972    0.1953   0.01713  0.002368   0.06637  0.009537         0
   267/499     5.73G   0.04529  0.009123         0   0.05441         3       640   0.03504    0.1975   0.01613   0.00223   0.06599  0.009654         0
   268/499     5.73G   0.04983  0.008859         0   0.05869         4       640   0.06725    0.1635   0.03283  0.004484   0.06565  0.009697         0
   269/499     5.73G   0.04987   0.00955         0   0.05942         3       640   0.06725    0.1635   0.03283  0.004484   0.06565  0.009697         0
   270/499     5.73G   0.05188  0.009226         0    0.0611         2       640   0.09176    0.1847   0.04544  0.006544   0.06547  0.009696         0
   271/499     5.73G   0.04557  0.009534         0   0.05511         3       640    0.1036    0.1699   0.06179   0.01012    0.0651  0.009752         0
   272/499     5.73G   0.05641  0.008714         0   0.06512         5       640     0.106    0.1699   0.06384   0.01007   0.06509   0.00977         0
   273/499     5.73G   0.04926  0.009163         0   0.05843         1       640   0.09351    0.1635   0.05683  0.008808   0.06539  0.009715         0
   274/499     5.73G   0.04598  0.008569         0   0.05455         4       640   0.08339    0.1507   0.05272  0.007496   0.06555   0.00968         0
   275/499     5.73G   0.04849   0.01013         0   0.05862         7       640   0.08563    0.2017   0.05936  0.009167   0.06533   0.00968         0
   276/499     5.73G   0.04585  0.009373         0   0.05523         4       640    0.1164    0.1465   0.06685   0.01182   0.06537  0.009605         0
   277/499     5.73G   0.04189  0.009134         0   0.05102         1       640    0.1461    0.1359   0.06898   0.01156   0.06529  0.009648         0
   278/499     5.73G   0.05394   0.01073         0   0.06467         4       640    0.1461    0.1359   0.06898   0.01156   0.06529  0.009648         0
   279/499     5.73G   0.05222  0.009003         0   0.06123         2       640    0.1366    0.1486   0.07035   0.01229   0.06493  0.009724         0
   280/499     5.73G   0.04531   0.01019         0    0.0555         3       640    0.1155    0.1465   0.06265  0.008929   0.06479  0.009792         0
   281/499     5.73G   0.04055  0.009112         0   0.04966         2       640   0.08313    0.1168   0.04518  0.006764   0.06478  0.009836         0
   282/499     5.73G   0.05651  0.008815         0   0.06532         4       640    0.0982    0.1125   0.04657  0.007099   0.06493  0.009826         0
   283/499     5.73G   0.05698  0.009583         0   0.06656         2       640   0.09653     0.104   0.04171  0.005994   0.06509  0.009821         0
   284/499     5.73G   0.05574   0.01009         0   0.06583         4       640    0.1074     0.121   0.05915  0.009421   0.06466  0.009922         0
   285/499     5.73G    0.0492  0.009896         0    0.0591         4       640     0.117     0.104    0.0527     0.009    0.0645  0.009941         0
   286/499     5.73G   0.04957   0.00841         0   0.05798         1       640    0.1359    0.0828   0.04703  0.007729   0.06471  0.009904         0
   287/499     5.73G   0.04943  0.008405         0   0.05783         2       640    0.1359    0.0828   0.04703  0.007729   0.06471  0.009904         0
   288/499     5.73G    0.0504  0.008268         0   0.05867         1       640    0.1146   0.07643   0.04002  0.006036   0.06488  0.009878         0
   289/499     5.73G   0.04935  0.008519         0   0.05787         3       640    0.1283   0.07431   0.04259  0.006564    0.0648  0.009864         0
   290/499     5.73G   0.05041  0.009048         0   0.05946         2       640    0.1194     0.155   0.06821   0.01068   0.06463  0.009781         0
   291/499     5.73G   0.04215  0.007964         0   0.05012         1       640    0.1241    0.1592   0.06995   0.01231   0.06466  0.009746         0
   292/499     5.73G   0.04562  0.009253         0   0.05487         2       640    0.1089    0.1274   0.04962  0.007505   0.06507  0.009737         0
   293/499     5.73G   0.04499  0.008561         0   0.05355         1       640    0.1338    0.1253   0.06157  0.009519   0.06514  0.009699         0
   294/499     5.73G   0.04609    0.0101         0   0.05619         4       640     0.124     0.104   0.04851  0.007817   0.06534  0.009735         0
   295/499     5.73G   0.04839  0.008108         0    0.0565         1       640   0.07488    0.1019   0.04163   0.00745   0.06585  0.009629         0
   296/499     5.73G   0.04567  0.007868         0   0.05354         1       640   0.07488    0.1019   0.04163   0.00745   0.06585  0.009629         0
   297/499     5.73G   0.05266  0.009162         0   0.06183         4       640   0.06732   0.08705     0.036  0.006051   0.06636  0.009534         0
   298/499     5.73G   0.04887   0.01044         0   0.05931         4       640   0.03998    0.1529   0.02855  0.004858   0.06667  0.009512         0
   299/499     5.73G   0.03905  0.008838         0   0.04789         2       640   0.08495    0.0552   0.03043  0.005176   0.06669  0.009466         0
   300/499     5.73G   0.05468  0.009722         0    0.0644         5       640   0.04858    0.1934   0.03351  0.005162   0.06648  0.009516         0
   301/499     5.73G   0.05342  0.009998         0   0.06342         7       640   0.08114    0.1104   0.03392  0.005301   0.06628  0.009535         0
   302/499     5.73G   0.04541   0.00994         0   0.05535         2       640   0.05575    0.1699   0.02961   0.00436   0.06556  0.009668         0
   303/499     5.73G   0.04923  0.008062         0   0.05729         2       640   0.03869    0.1486    0.0176  0.002367   0.06579  0.009704         0
   304/499     5.73G   0.04763   0.00929         0   0.05692         4       640   0.04329    0.1465   0.01817   0.00245   0.06536  0.009857         0
   305/499     5.73G   0.04842  0.008404         0   0.05683         2       640   0.04329    0.1465   0.01817   0.00245   0.06536  0.009857         0
   306/499     5.73G   0.04078  0.009223         0   0.05001         3       640   0.04179    0.1295   0.01767  0.002475   0.06509  0.009837         0
   307/499     5.73G   0.04203  0.007193         0   0.04922         1       640   0.04818    0.1614   0.02483  0.003377   0.06479  0.009847         0
   308/499     5.73G   0.03953  0.008906         0   0.04843         1       640   0.03726    0.1231   0.01765  0.002506   0.06483  0.009856         0
   309/499     5.73G   0.04164  0.008241         0   0.04988         2       640   0.05081    0.1975   0.02729   0.00402   0.06458  0.009902         0
   310/499     5.73G   0.04697  0.009597         0   0.05656         4       640   0.05163   0.09766   0.02363  0.003512    0.0646  0.009896         0
   311/499     5.73G   0.03867  0.009497         0   0.04817         2       640   0.05446    0.1104   0.02727  0.004127   0.06459  0.009825         0
   312/499     5.73G   0.04954  0.009811         0   0.05935         2       640   0.09318     0.104   0.03874  0.006108   0.06471  0.009751         0
   313/499     5.73G   0.04649  0.008159         0   0.05465         1       640    0.1225    0.1465   0.05461  0.009556   0.06498  0.009686         0
   314/499     5.73G   0.04524  0.009722         0   0.05496         2       640    0.1225    0.1465   0.05461  0.009556   0.06498  0.009686         0
   315/499     5.73G   0.04651  0.009458         0   0.05597         3       640    0.1497    0.1465   0.06247   0.01203   0.06503  0.009616         0
   316/499     5.73G   0.04076   0.00843         0   0.04919         0       640    0.2011    0.1245   0.06887   0.01317   0.06518  0.009578         0
   317/499     5.73G   0.05219  0.008967         0   0.06116         4       640    0.1886    0.1359   0.06758   0.01206   0.06538  0.009631         0
   318/499     5.73G   0.05253   0.00916         0    0.0617         4       640    0.1573     0.138     0.061   0.01097   0.06531  0.009861         0
   319/499     5.73G   0.04758  0.008427         0   0.05601         1       640    0.1276    0.1295   0.05035  0.008289   0.06485   0.01011         0
   320/499     5.73G   0.05231  0.008478         0   0.06079         0       640   0.09156    0.1316   0.04178  0.006453   0.06457   0.01047         0
   321/499     5.73G   0.04444  0.009195         0   0.05363         2       640   0.09891    0.1189   0.04186  0.006175   0.06438   0.01087         0
   322/499     5.73G   0.04753   0.00808         0   0.05561         1       640   0.05947    0.2017   0.03233  0.004553   0.06458   0.01184         0
   323/499     5.73G   0.04416  0.008439         0    0.0526         1       640   0.05947    0.2017   0.03233  0.004553   0.06458   0.01184         0
   324/499     5.73G   0.04628  0.008199         0   0.05448         1       640   0.05134    0.1741   0.02433  0.003344   0.06463   0.01153         0
   325/499     5.73G    0.0417  0.008255         0   0.04996         1       640   0.04833    0.1614     0.022  0.003085   0.06465   0.01147         0
   326/499     5.73G   0.04763   0.00913         0   0.05676         3       640   0.04513    0.1401   0.01874  0.002592   0.06465   0.01149         0
   327/499     5.73G   0.03691  0.008452         0   0.04536         2       640   0.05051    0.1614   0.02254   0.00317    0.0646   0.01136         0
   328/499     5.73G    0.0438  0.008941         0   0.05274         1       640   0.05969    0.2123   0.03264  0.004425   0.06455    0.0111         0
   329/499     5.73G   0.04502  0.009204         0   0.05422         4       640   0.08178    0.1741   0.03966  0.005254   0.06496   0.01194         0
   330/499     5.73G   0.04775  0.008121         0   0.05587         1       640   0.09188    0.1783   0.04534  0.006442   0.06493   0.01229         0
   331/499     5.73G   0.04288  0.008411         0   0.05129         1       640   0.07559    0.2463   0.04287  0.006059   0.06509   0.01258         0
   332/499     5.73G   0.04874  0.007635         0   0.05637         1       640   0.07559    0.2463   0.04287  0.006059   0.06509   0.01258         0
   333/499     5.73G   0.04129  0.008228         0   0.04952         1       640   0.07297    0.2611   0.03935  0.005683   0.06513   0.01359         0
   334/499     5.73G   0.04856   0.01007         0   0.05863         4       640    0.0723    0.2569   0.03909  0.005736   0.06516   0.01367         0
   335/499     5.73G    0.0437  0.008705         0   0.05241         2       640   0.06676    0.2442   0.03609  0.005349   0.06508   0.01431         0
   336/499     5.73G   0.04157  0.008892         0   0.05046         1       640   0.06599    0.2357   0.03406  0.005029   0.06498   0.01577         0
   337/499     5.73G   0.05445  0.008842         0   0.06329         3       640   0.05984    0.2187   0.02708  0.004091   0.06524   0.01683         0
   338/499     5.73G   0.04535  0.007765         0   0.05311         1       640   0.04837    0.1911   0.02451  0.003639   0.06527   0.01268         0
   339/499     5.73G   0.03868  0.008123         0    0.0468         0       640   0.05638    0.1529   0.02337  0.003505   0.06503   0.01191         0
   340/499     5.73G   0.05308  0.009633         0   0.06271         5       640    0.0902    0.1253    0.0348  0.005042   0.06453   0.01043         0
   341/499     5.73G   0.04448  0.009263         0   0.05375         2       640    0.0902    0.1253    0.0348  0.005042   0.06453   0.01043         0
   342/499     5.73G   0.04729    0.0093         0   0.05659         4       640   0.09224    0.1783   0.04551  0.006608   0.06404   0.01007         0
   343/499     5.73G   0.05364  0.009112         0   0.06275         3       640    0.1077    0.1677   0.05162  0.007501   0.06384   0.01005         0
   344/499     5.73G   0.05585  0.009579         0   0.06543         2       640     0.125    0.1656    0.0573  0.008498   0.06363   0.01009         0
   345/499     5.73G    0.0388  0.009363         0   0.04816         1       640    0.1223    0.1911   0.06016  0.008933   0.06371  0.009993         0
   346/499     5.73G   0.04669  0.009574         0   0.05626         4       640    0.1215    0.1847   0.05959  0.008653   0.06395  0.009946         0
   347/499     5.73G   0.04687  0.008869         0   0.05574         2       640    0.1161    0.1677   0.05571  0.008272   0.06397  0.009928         0
   348/499     5.73G   0.05572  0.008061         0   0.06378         2       640     0.117    0.1507   0.06187  0.009167   0.06414  0.009865         0
   349/499     5.73G   0.04717  0.009443         0   0.05661         2       640    0.1104    0.1805    0.0646  0.009476   0.06448  0.009789         0
   350/499     5.73G   0.04542  0.008879         0    0.0543         3       640    0.1104    0.1805    0.0646  0.009476   0.06448  0.009789         0
   351/499     5.73G   0.05094  0.008451         0   0.05939         1       640    0.1134    0.1868   0.06362  0.009029   0.06474  0.009802         0
   352/499     5.73G   0.05031  0.008065         0   0.05838         4       640    0.1112     0.189   0.06138  0.008848   0.06502  0.009762         0
   353/499     5.73G   0.05007  0.009198         0   0.05927         3       640    0.1116    0.2153   0.06736  0.009582   0.06504  0.009728         0
   354/499     5.73G   0.05031  0.009122         0   0.05943         2       640    0.1044    0.1932   0.06346  0.008915   0.06498  0.009733         0
   355/499     5.73G    0.0501  0.009376         0   0.05948         5       640    0.1015     0.189   0.05951  0.008143   0.06496  0.009777         0
   356/499     5.73G   0.04465  0.008998         0   0.05365         3       640    0.1026    0.2166   0.06693   0.01085   0.06512   0.01008         0
   357/499     5.73G   0.04594  0.008542         0   0.05448         2       640    0.1142    0.2208   0.06665   0.01044   0.06556    0.0101         0
   358/499     5.73G   0.03827  0.007851         0   0.04612         1       640    0.1098     0.276   0.06918   0.01119    0.0661   0.01005         0
   359/499     5.73G   0.05043  0.009036         0   0.05946         3       640    0.1098     0.276   0.06918   0.01119    0.0661   0.01005         0
   360/499     5.73G   0.05057  0.008887         0   0.05946         1       640    0.1193    0.2442   0.07056   0.01031   0.06634   0.01043         0
   361/499     5.73G   0.04306  0.007952         0   0.05101         4       640    0.1048    0.2866   0.06371   0.01022   0.06631    0.0119         0
   362/499     5.73G    0.0401  0.008602         0   0.04871         2       640   0.09857    0.2272   0.05301  0.008081   0.06593   0.01337         0
   363/499     5.73G   0.04582  0.007831         0   0.05366         1       640   0.09303    0.2144   0.04696  0.007282   0.06569   0.01113         0
   364/499     5.73G   0.03886  0.008094         0   0.04696         1       640     0.108    0.1953   0.05621   0.01035   0.06572   0.01033         0
   365/499     5.73G   0.04911  0.009584         0   0.05869         5       640    0.1308    0.2357   0.07065   0.01187   0.06571   0.01029         0
   366/499     5.73G   0.04428   0.00796         0   0.05224         2       640    0.1456    0.2251   0.08201   0.01378   0.06593  0.009377         0
   367/499     5.73G   0.04985  0.009332         0   0.05918         7       640    0.1818    0.1783   0.08361   0.01514   0.06611  0.009459         0
   368/499     5.73G   0.04524  0.008946         0   0.05418         3       640    0.1818    0.1783   0.08361   0.01514   0.06611  0.009459         0
   369/499     5.73G    0.0468  0.008849         0   0.05565         1       640    0.1679    0.1699   0.07881   0.01482   0.06608  0.009961         0
   370/499     5.73G    0.0515  0.008563         0   0.06006         1       640    0.1262     0.259   0.07134   0.01218   0.06606   0.01087         0
   371/499     5.73G   0.04332  0.008551         0   0.05187         1       640    0.1206    0.2378   0.06525   0.01109   0.06594     0.012         0
   372/499     5.73G   0.05043  0.008559         0   0.05899         2       640    0.1273    0.2144   0.06273   0.01067   0.06548   0.01294         0
   373/499     5.73G   0.04065  0.008461         0   0.04911         1       640    0.1321    0.2074   0.06357   0.01033   0.06533   0.01271         0
   374/499     5.73G   0.04577  0.009105         0   0.05487         3       640    0.1277    0.2123   0.06122   0.00997   0.06519   0.01321         0
   375/499     5.73G    0.0478  0.009096         0    0.0569         2       640    0.1215    0.2059   0.05226  0.008521   0.06537   0.01239         0
   376/499     5.73G   0.04315  0.008436         0   0.05159         3       640    0.1102    0.1783   0.04507  0.007167   0.06552   0.01117         0
   377/499     5.73G   0.04366  0.008467         0   0.05213         1       640    0.1102    0.1783   0.04507  0.007167   0.06552   0.01117         0
   378/499     5.73G   0.04187  0.009716         0   0.05158         4       640   0.09859    0.1423   0.03579  0.005373   0.06559   0.01066         0
   379/499     5.73G   0.04199  0.008992         0   0.05098         1       640   0.07234    0.1423   0.02905  0.004262   0.06578   0.01033         0
   380/499     5.73G   0.05063  0.008728         0   0.05936         4       640   0.07001    0.1359   0.02687   0.00399    0.0659   0.01077         0
   381/499     5.73G   0.04587  0.009205         0   0.05508         2       640   0.08412    0.1401   0.03269   0.00558   0.06578   0.01135         0
   382/499     5.73G   0.04529  0.009021         0   0.05431         2       640   0.08951     0.155    0.0361  0.006072   0.06562   0.01124         0
   383/499     5.73G   0.04229  0.009008         0    0.0513         2       640   0.08957    0.1571   0.03767  0.005935   0.06565    0.0102         0
   384/499     5.73G   0.04817  0.007741         0   0.05592         4       640    0.1165    0.1592   0.04706  0.007398   0.06549   0.01014         0
   385/499     5.73G   0.03703    0.0074         0   0.04443         2       640    0.1091    0.2102   0.05284  0.008118   0.06587   0.01018         0
   386/499     5.73G   0.04814  0.008752         0   0.05689         3       640    0.1091    0.2102   0.05284  0.008118   0.06587   0.01018         0
   387/499     5.73G   0.04603  0.007988         0   0.05402         1       640   0.09257    0.2102   0.04869   0.00713   0.06616  0.009895         0
   388/499     5.73G   0.03923  0.008724         0   0.04795         2       640   0.09102    0.1847   0.04667  0.006969   0.06631  0.009773         0
   389/499     5.73G   0.04853  0.007978         0   0.05651         2       640    0.1046    0.1614    0.0512  0.007589   0.06616  0.009647         0
   390/499     5.73G   0.04088  0.007058         0   0.04794         1       640    0.1213    0.1614   0.05589  0.008206   0.06605  0.009722         0
   391/499     5.73G   0.04425  0.008864         0   0.05312         2       640     0.107    0.1295   0.04775   0.00713    0.0659  0.009646         0
   392/499     5.73G   0.04374  0.008743         0   0.05248         1       640     0.113    0.1359   0.04564  0.007081   0.06594  0.009681         0
   393/499     5.73G   0.04598  0.008835         0   0.05482         2       640    0.1133    0.1462   0.04645  0.007243   0.06547   0.01032         0
   394/499     5.73G   0.04082  0.009007         0   0.04983         2       640   0.09905    0.1423   0.04265  0.007677   0.06518   0.01157         0
   395/499     5.73G   0.05598  0.009091         0   0.06507         2       640   0.09905    0.1423   0.04265  0.007677   0.06518   0.01157         0
   396/499     5.73G   0.04064  0.008843         0   0.04948         2       640    0.1033    0.1231   0.04297  0.007455   0.06493   0.01224         0
   397/499     5.73G   0.04705  0.008132         0   0.05518         2       640    0.0759    0.1507    0.0363   0.00582   0.06486     0.013         0
   398/499     5.73G   0.04183  0.008357         0   0.05018         3       640   0.07774    0.1465   0.03455  0.005055   0.06495   0.01305         0
   399/499     5.73G   0.04182  0.008184         0   0.05001         0       640   0.08358    0.1423   0.03527   0.00522   0.06472   0.01217         0
   400/499     5.73G   0.03682  0.008631         0   0.04545         3       640   0.08541    0.1486   0.03948  0.006293   0.06451   0.01218         0
   401/499     5.73G   0.04123  0.008784         0   0.05001         2       640   0.07289    0.2208   0.03775  0.005927   0.06452   0.01151         0
   402/499     5.73G   0.03969  0.008974         0   0.04866         1       640   0.06681     0.155   0.03002  0.004572   0.06481   0.01062         0
   403/499     5.73G   0.04301   0.00832         0   0.05133         3       640    0.0766     0.104   0.02799  0.004239   0.06481   0.01039         0
   404/499     5.73G    0.0447   0.00856         0   0.05326         1       640    0.0766     0.104   0.02799  0.004239   0.06481   0.01039         0
   405/499     5.73G   0.04535   0.00852         0   0.05387         1       640   0.07264    0.1104   0.02752  0.004216   0.06495   0.01064         0
   406/499     5.73G   0.04201  0.009233         0   0.05124         2       640     0.101    0.0913   0.02925  0.004557   0.06492   0.01012         0
   407/499     5.73G    0.0489  0.009214         0   0.05812         4       640   0.06326    0.1338   0.02746  0.004609   0.06496  0.009983         0
   408/499     5.73G   0.04053  0.006939         0   0.04747         2       640    0.0746    0.1359    0.0295  0.004494   0.06495   0.01018         0
   409/499     5.73G    0.0523  0.008748         0   0.06104         1       640    0.0734    0.1359   0.03134  0.004869   0.06485   0.01011         0
   410/499     5.73G   0.04785  0.009543         0   0.05739         4       640    0.0778    0.1316     0.031  0.004692   0.06487   0.01005         0
   411/499     5.73G   0.04043  0.009708         0   0.05014         4       640   0.08193    0.1231   0.03496  0.005367   0.06488   0.00982         0
   412/499     5.73G    0.0516  0.009464         0   0.06107         2       640   0.07366    0.1584   0.03526  0.005343     0.065  0.009749         0
   413/499     5.73G   0.04673  0.008461         0   0.05519         3       640   0.07366    0.1584   0.03526  0.005343     0.065  0.009749         0
   414/499     5.73G   0.05409  0.008747         0   0.06283         3       640   0.07303    0.1805   0.03696  0.005534   0.06498  0.009738         0
   415/499     5.73G   0.04839  0.008324         0   0.05672         2       640   0.07424    0.1741   0.03661  0.005532   0.06501  0.009864         0
   416/499     5.73G   0.04307  0.008413         0   0.05148         2       640   0.07467    0.2038   0.03896  0.005797   0.06516   0.01001         0
   417/499     5.73G   0.05164   0.01051         0   0.06215         3       640   0.07931    0.2081   0.04201  0.006268   0.06514   0.01007         0
   418/499     5.73G   0.04959   0.00753         0   0.05712         2       640    0.1145     0.155   0.05168  0.007649   0.06518  0.009947         0
   419/499     5.73G   0.04032   0.00798         0   0.04829         3       640    0.1058    0.2251    0.0587  0.008776   0.06533  0.009651         0
   420/499     5.73G   0.04979  0.008849         0   0.05864         2       640    0.1104    0.2272   0.05857   0.00878   0.06553  0.009624         0
   421/499     5.73G   0.04169  0.009107         0   0.05079         2       640    0.1039    0.1911   0.04735    0.0071   0.06568  0.009736         0
   422/499     5.73G   0.03666  0.007826         0   0.04449         3       640    0.1039    0.1911   0.04735    0.0071   0.06568  0.009736         0
   423/499     5.73G   0.04244  0.008521         0   0.05096         1       640   0.08289    0.1656   0.03468  0.005746   0.06582  0.009638         0
   424/499     5.73G   0.04245  0.008138         0   0.05059         0       640   0.06929    0.1571    0.0314  0.004948   0.06597   0.00962         0
   425/499     5.73G   0.05311  0.008809         0   0.06192         1       640   0.07076    0.1592   0.03254  0.005205    0.0661   0.00961         0
   426/499     5.73G   0.05049  0.009805         0   0.06029         4       640   0.07732    0.1996   0.03736  0.005989   0.06608  0.009618         0
   427/499     5.73G   0.03935  0.009155         0    0.0485         2       640   0.09192    0.1614   0.04437   0.00683   0.06594  0.009682         0
   428/499     5.73G   0.03897  0.007832         0    0.0468         0       640   0.09801    0.1868   0.05036  0.007728   0.06567  0.009858         0
   429/499     5.73G   0.04535   0.01061         0   0.05596         3       640   0.08951    0.2081   0.04623  0.007153   0.06558   0.01008         0
   430/499     5.73G    0.0471  0.007997         0    0.0551         2       640    0.1036    0.1656   0.04569  0.007233    0.0656   0.01104         0
   431/499     5.73G   0.03951  0.008087         0    0.0476         2       640    0.1036    0.1656   0.04569  0.007233    0.0656   0.01104         0
   432/499     5.73G   0.05125   0.00876         0   0.06001         3       640    0.1056    0.1805   0.04773  0.007199   0.06548    0.0113         0
   433/499     5.73G   0.03743   0.00813         0   0.04556         1       640    0.1198     0.189   0.05516   0.00835   0.06518   0.01144         0
   434/499     5.73G   0.05066  0.008707         0   0.05936         2       640    0.1201    0.1847   0.05418  0.008529   0.06487   0.01166         0
   435/499     5.73G    0.0444  0.009088         0   0.05349         1       640    0.1126    0.1592   0.05088  0.008183   0.06481   0.01144         0
   436/499     5.73G   0.03625   0.00775         0     0.044         2       640    0.1102    0.1635   0.04957  0.007812   0.06467   0.01088         0
   437/499     5.73G   0.04894  0.008871         0   0.05781         1       640     0.126    0.1338   0.05011  0.008102   0.06451   0.01032         0
   438/499     5.73G   0.05211   0.01011         0   0.06222         4       640    0.1413    0.1359   0.05353   0.00889   0.06436  0.009915         0
   439/499     5.73G   0.04263  0.008415         0   0.05104         2       640    0.1509    0.1316   0.05681  0.008919   0.06447  0.009855         0
   440/499     5.73G   0.04139  0.008039         0   0.04943         1       640    0.1509    0.1316   0.05681  0.008919   0.06447  0.009855         0
   441/499     5.73G   0.04816  0.008944         0   0.05711         2       640    0.1427    0.1316   0.05289  0.008151   0.06441  0.009848         0
   442/499     5.73G   0.04068  0.009205         0   0.04988         2       640    0.1404    0.1274   0.05114  0.007811   0.06426  0.009872         0
   443/499     5.73G   0.04631  0.008811         0   0.05513         2       640    0.1402    0.1231   0.05198  0.007973   0.06423  0.009874         0
   444/499     5.73G   0.04044  0.009728         0   0.05017         3       640    0.1273    0.1189   0.05027  0.007666   0.06437  0.009852         0
   445/499     5.73G   0.04631  0.007915         0   0.05423         1       640    0.1304    0.1189    0.0518  0.008362   0.06447  0.009821         0
   446/499     5.73G   0.04356  0.009082         0   0.05265         1       640    0.1026    0.1677   0.05627  0.009015   0.06444  0.009808         0
   447/499     5.73G   0.03961  0.008666         0   0.04827         2       640   0.09554    0.1847    0.0547  0.009066   0.06433  0.009831         0
   448/499     5.73G   0.04566  0.008584         0   0.05424         3       640    0.1324     0.121   0.05595  0.008993   0.06432  0.009846         0
   449/499     5.73G   0.04389  0.008389         0   0.05228         2       640    0.1324     0.121   0.05595  0.008993   0.06432  0.009846         0
   450/499     5.73G   0.04982  0.009007         0   0.05883         2       640    0.1001    0.1911   0.05719  0.008849   0.06434  0.009826         0
   451/499     5.73G   0.04069  0.008596         0   0.04929         3       640   0.08797    0.1762   0.05097  0.007987   0.06436  0.009833         0
   452/499     5.73G   0.04656  0.008999         0   0.05556         2       640   0.09778    0.1359   0.04868  0.007603   0.06423  0.009863         0
   453/499     5.73G   0.04309  0.008499         0   0.05159         2       640    0.1039    0.1295   0.04916  0.007482   0.06414  0.009897         0
   454/499     5.73G   0.03982  0.008482         0    0.0483         2       640    0.1019    0.1338   0.05135  0.007633    0.0641  0.009904         0
   455/499     5.73G    0.0457  0.008759         0   0.05446         6       640    0.1013     0.121   0.04888  0.007283   0.06407  0.009917         0
   456/499     5.73G   0.04323  0.008527         0   0.05176         1       640    0.1033    0.1282   0.04852  0.007168    0.0642  0.009898         0
   457/499     5.73G    0.0558  0.009756         0   0.06556         4       640   0.08467    0.1868   0.04798  0.007174   0.06427  0.009882         0
   458/499     5.73G   0.05006  0.008745         0    0.0588         1       640   0.08467    0.1868   0.04798  0.007174   0.06427  0.009882         0
   459/499     5.73G   0.04013  0.009412         0   0.04954         1       640    0.1071    0.1465   0.04765  0.007397   0.06439  0.009851         0
   460/499     5.73G   0.04063  0.009232         0   0.04986         2       640     0.109    0.1444   0.04971  0.007693    0.0644  0.009843         0
   461/499     5.73G   0.04345  0.008256         0   0.05171         1       640    0.1095    0.1401   0.04788  0.007181   0.06448  0.009833         0
   462/499     5.73G   0.05288  0.008771         0   0.06165         1       640    0.1122    0.1253   0.04348  0.006576   0.06447  0.009836         0
   463/499     5.73G   0.04354  0.008556         0    0.0521         4       640    0.1142    0.1231   0.04318   0.00674   0.06445  0.009825         0
   464/499     5.73G   0.04195  0.009263         0   0.05121         3       640    0.1462   0.09766   0.04675  0.007439   0.06437  0.009815         0
   465/499     5.73G   0.04782  0.007995         0   0.05581         1       640    0.1184    0.1231    0.0481  0.007424   0.06447  0.009789         0
   466/499     5.73G    0.0452  0.009206         0    0.0544         4       640    0.1348     0.138    0.0567  0.008677   0.06439  0.009799         0
   467/499     5.73G   0.04081  0.009494         0   0.05031         4       640    0.1348     0.138    0.0567  0.008677   0.06439  0.009799         0
   468/499     5.73G   0.04423  0.007297         0   0.05152         1       640    0.1324    0.1423   0.05887  0.009763   0.06422  0.009812         0
   469/499     5.73G   0.03931  0.007804         0   0.04711         1       640     0.138    0.1465   0.06237  0.009901   0.06423  0.009811         0
   470/499     5.73G   0.04214  0.008174         0   0.05032         1       640    0.1499     0.155   0.06914   0.01101   0.06422  0.009793         0
   471/499     5.73G   0.05115  0.009052         0   0.06021         1       640    0.1475     0.155   0.06739   0.01081    0.0641  0.009803         0
   472/499     5.73G   0.04803   0.01052         0   0.05855         3       640    0.1499    0.1643   0.07195    0.0117   0.06392  0.009797         0
   473/499     5.73G   0.04332  0.009504         0   0.05282         3       640    0.1489    0.1656   0.07328   0.01281   0.06387  0.009776         0
   474/499     5.73G   0.04698  0.009163         0   0.05614         3       640    0.1636    0.1614   0.07806   0.01402   0.06392  0.009751         0
   475/499     5.73G   0.05746  0.009266         0   0.06673         4       640    0.1193    0.2654   0.08207    0.0152   0.06411   0.00971         0
   476/499     5.73G   0.04853  0.009095         0   0.05763         3       640    0.1193    0.2654   0.08207    0.0152   0.06411   0.00971         0
   477/499     5.73G   0.05207  0.007598         0   0.05966         1       640    0.1423    0.2187   0.08503   0.01526   0.06409   0.00969         0
   478/499     5.73G    0.0476  0.009683         0   0.05729         5       640    0.1484    0.2123   0.08828   0.01597   0.06397  0.009711         0
   479/499     5.73G   0.04301  0.008955         0   0.05197         4       640    0.1574    0.2123   0.09067   0.01648   0.06408  0.009687         0
   480/499     5.73G   0.04207  0.008283         0   0.05035         3       640    0.1506     0.242    0.0909   0.01746   0.06418  0.009657         0
   481/499     5.73G   0.04535  0.009927         0   0.05528         3       640    0.1426    0.2633   0.09201   0.01724    0.0643  0.009628         0
   482/499     5.73G   0.04452  0.008364         0   0.05289         1       640    0.1393    0.2442    0.0823   0.01542   0.06429  0.009637         0
   483/499     5.73G   0.04243  0.008617         0   0.05105         3       640    0.1372    0.2527   0.08577     0.016   0.06439  0.009626         0
   484/499     5.73G   0.04402  0.008856         0   0.05287         4       640    0.1405    0.2654   0.08728   0.01614    0.0646  0.009609         0
   485/499     5.73G   0.05012  0.009233         0   0.05935         4       640    0.1405    0.2654   0.08728   0.01614    0.0646  0.009609         0
   486/499     5.73G   0.04492  0.008973         0   0.05389         4       640    0.1397    0.2654   0.08753   0.01609   0.06454  0.009622         0
   487/499     5.73G   0.04289  0.009785         0   0.05268         4       640    0.1486    0.2442   0.09303   0.01661   0.06437  0.009665         0
   488/499     5.73G   0.03666  0.008826         0   0.04549         3       640    0.1503     0.242   0.08738   0.01511   0.06429  0.009736         0
   489/499     5.73G   0.04916  0.009102         0   0.05826         4       640    0.1423     0.259   0.08198   0.01364   0.06431  0.009756         0
   490/499     5.73G   0.04354  0.007592         0   0.05113         1       640    0.1369     0.242   0.07927    0.0128   0.06426  0.009743         0
   491/499     5.73G   0.04431  0.008986         0   0.05329         3       640    0.1353    0.2654   0.08518   0.01389   0.06418  0.009715         0
   492/499     5.73G   0.04738   0.01009         0   0.05747         6       640    0.1336    0.2505   0.08602   0.01397   0.06396  0.009742         0
   493/499     5.73G   0.04796  0.009019         0   0.05698         2       640    0.1302    0.2484    0.0837   0.01343   0.06395  0.009725         0
   494/499     5.73G   0.05041  0.008064         0   0.05847         1       640    0.1302    0.2484    0.0837   0.01343   0.06395  0.009725         0
   495/499     5.73G    0.0457   0.00961         0   0.05531         3       640    0.1189    0.2845   0.08384   0.01332   0.06397    0.0097         0
   496/499     5.73G   0.03876  0.008012         0   0.04677         1       640     0.121    0.2739    0.0818   0.01342   0.06409  0.009666         0
   497/499     5.73G   0.03194  0.007025         0   0.03896         0       640    0.1218    0.2803   0.08346   0.01392   0.06417  0.009631         0
   498/499     5.73G   0.05314  0.008509         0   0.06165         4       640    0.1558    0.1953   0.08779    0.0152   0.06413   0.00961         0
   499/499     5.73G   0.04843  0.009798         0   0.05823         4       640    0.1284     0.259   0.08449    0.0152   0.06424  0.009575         0
